120
4082.999788054109 9805.411987876314
5072.278454163988 6324.174072460055
1583.3951084314378 2867.3312604610824
8137.930060025985 608.7208898720664
266.9739436537577 5728.379266871052
6566.43186452418 6054.274724686917
6843.095083562764 5126.784760236467
6657.647817646382 2244.2215143415187
5503.2977218467995 1906.5949725478426
556.2109722674813 2412.7267637158466
1071.6291160140224 6838.204256739689
2939.1435199636617 597.2083010767948
9832.15852214929 8238.678436052533
8047.931312499162 1695.8014287884794
8069.140151395048 8565.890835410444
6749.7523796034075 2035.056806022506
4344.9105327649495 7201.723437923426
9277.598470217037 9656.015843472289
2982.9434695922764 4715.968290036838
9713.315190397703 7618.1768889803725
9513.980148551871 5818.122160749811
4823.644975873131 9716.368757912745
8972.103410171523 1811.4623216747716
4812.0249602747335 3494.0030187023754
5259.762913810203 4208.882379981192
8533.606557009285 8703.317969592155
9062.061950158488 7528.907886890225
6672.71926077176 1720.3818383398473
591.7932950118266 2037.758122554366
7230.764371643637 2350.3846625583546
4703.60736694069 420.2827290710154
3406.3769977324077 5310.299864919027
2028.9145583737168 7799.919377258912
6681.8776999243455 4887.425284729361
3506.238290320223 9088.632302535163
8271.732141283894 2360.244592421352
4636.874345776187 7386.203254203513
3154.3547997335754 5633.455434035775
6075.015601490348 7169.661983076217
7969.273226090449 8125.925877328347
8596.394949707155 3375.520908416173
4069.1314396814428 5690.78796656763
2481.016479346824 4007.0939448358245
1067.810474443588 8370.47468549027
2094.539726228175 7101.912778972679
9800.637012448566 1816.9066784177323
3034.239126567945 2512.4638649247977
9001.963870072652 3563.9309050037714
7316.091081012537 1265.0321633522753
6901.876917580944 7719.08171396021
7882.439275385764 6567.799544737632
5661.868136244648 1917.7120621892684
9686.318951047047 212.95238633102565
6288.569717545477 2027.8976310762164
6210.96963378396 1910.9478389494493
7402.442304102527 6305.746180192548
5866.516877610386 5572.42304426454
4729.76752320168 5099.489361031362
7637.129564660074 135.77526832720955
3507.220984152458 7646.545795060507
2718.0092597737003 386.9363174445184
8477.059376702968 6141.474614595468
6240.519665433852 718.7185703489463
6158.811929119735 6473.65981908103
5801.714607939518 4954.152386087293
6482.6347455457 2835.59906017388
3054.2922270494832 3987.753763930708
5989.803376855052 9055.012177906012
6380.58012912128 4765.3616344357615
8693.602872294929 1213.1348428250922
6672.8542870879555 6091.372735290212
1127.6215790225797 7613.695803853182
2615.36301933775 1835.8065866956651
2152.4021532889515 8548.241924696043
6208.684157498007 2174.5633014359223
747.7868358873951 4431.124728888644
8232.704759639011 4175.579042546055
7991.719038655484 9392.634400910536
8974.475197249916 8201.732789229354
4676.997263415016 5505.223140832463
8201.017243130525 1373.8809069192016
597.5001982810835 8019.185138963727
3311.087316033876 1793.5380952260905
2538.331233645116 1398.5078579437381
3337.8554582295906 2022.8992587681016
3396.01117633301 246.16489500405402
8195.723620402536 5490.285778083326
4503.862025345528 4592.550507664491
651.2556470521935 5887.823704986369
93.96504745823431 9301.231076163498
8186.417058394762 7024.167277523367
2579.3349795298636 7257.286462634004
6297.9222281691245 564.3772931964264
5886.202373390073 6726.155551831475
136.434185101999 8193.420577664212
954.0262116204801 5495.498494338747
5944.782282139079 3634.270415710413
6846.266706755886 7357.822808529952
1701.5038913176406 5579.518795564177
1955.060961937093 7451.796860914674
6315.835780796118 1045.746926961154
2518.25802745003 3371.231202607635
6460.308949917214 2191.429766126113
5633.283439151933 4390.62429414745
699.5695617713005 629.9766505767102
8066.046101732801 2894.353897402292
8570.741587264658 2838.1418260855594
1542.7823722331934 1493.2235515805714
4168.148044733827 23.523576829640458
4818.779655727347 5079.5925377476915
1311.2453859217444 4395.879835650206
9468.629765753038 4419.151018304308
4204.27991095752 2272.3189994922777
9514.9901706797 7540.411427483793
6288.829817624432 986.766202762368
1756.3487721276006 1225.072433225708
1708.740070069472 1743.8516155641903
3381.8296822025363 1003.0803143550493
8554.257815316314 6802.384549900694
8597.718924946008 5395.6932952522575
