2300
8609.881816101202 6676.413345610136
2900.7730357692562 6563.899470478022
4695.527308205698 5422.454349746735
325.42093152866494 7109.803074217633
1847.4750709291598 3694.362659768141
4986.335741490946 5351.64268156683
6873.875519980158 4180.372781420313
9336.585857796259 125.69924908990559
6243.244491078353 5484.325396404935
1148.158433247467 2817.4168933415135
9195.781496827567 8767.909302568682
5761.333105220041 6075.595693944221
8816.378857073654 3293.532682404604
2508.0693775978857 4958.613376148332
3099.8838788314765 1858.197090714534
9466.319951343265 2136.0366088754467
3129.0693736698618 1370.5842100758248
1355.1446625569906 541.8781214821466
6075.28544796451 6712.217880088371
8410.43577988967 5184.530162955685
373.97746337773486 3916.392616411687
9205.503658275178 7143.4229796784975
7709.091062442663 6563.860093291206
110.85861103142692 7510.967765382719
2251.735437860748 3723.5883449614957
7846.321425823884 2555.8053298740156
6759.262776555096 3194.8533183904906
6199.8095262635725 1126.6653261643423
2185.399479120199 6668.973672540521
9119.861539469564 5035.463252640721
7470.338713394964 4198.316825036558
8099.734892655609 7123.036862848664
2279.5195383515274 2155.667287935876
6879.225528501079 7510.030547796728
1270.9052306604085 6445.347315012899
5057.411266615935 4859.471372684917
6376.245949443448 5956.111837418742
6598.232783846859 8366.711806336452
390.4682613556343 6682.728624043141
4582.010885840438 6940.082740010579
1496.8525565554157 9299.074891070555
3599.167832632324 5688.529330140814
7370.167620816458 2951.281503603076
2831.597059351916 5941.054554592575
5967.569306428637 5305.584876654199
1178.2600654382636 1357.8146262049006
9663.35587813034 7059.062967419707
7484.094899769801 6396.049004965275
7596.2214026513175 7316.6728455940865
9999.40896651056 2696.728157742325
4348.724426120414 6074.109438278794
438.06583686758825 5320.49121326313
6595.028895193156 2444.5408311492456
2335.3509343646438 6365.595584301238
3773.9541275093015 8556.427617887211
6078.960037012166 9657.298242443725
9663.082335795461 7094.674225280487
8546.973514252632 4668.602967509031
5628.2629787879205 3040.994878642397
1302.2990039387917 794.7262995260629
899.4605817432245 6011.227749817637
2889.582735918761 3366.7331754199768
9212.595664867658 6227.032058353451
5788.044363891989 9675.58078566809
3983.1792619805738 1572.7472530374876
9094.41683816985 7156.4387356249945
6349.329187780297 6163.832354509628
8213.204229237841 3371.280771431883
5614.704484771601 4308.706586424276
5512.462934492768 3482.098646241366
914.5625295112259 1948.9242007986895
3641.625114532779 9216.47598651842
1845.0806716382097 6820.492396436699
4500.80530860252 3637.7619710772456
1548.6980962562802 7990.326362672363
1993.3337445745992 5457.493079697087
6320.3125309585375 5714.448640761908
1542.7065757084501 2381.775317000309
2687.899948102781 9176.3449400998
469.23843114326513 5012.552641519153
9187.736389862717 1893.1116639244228
2311.3070313743965 6349.47773954477
6586.61993999948 8989.512586421391
7.39614645816844 3794.437707049949
3230.7330419080117 5003.534121305787
2429.2004275790714 2787.036085699194
8492.419555798899 6900.326356023537
7086.486423032561 2362.0290243558916
6618.8900042233345 8896.111529646792
5657.5547214972885 3580.9663139997097
2040.9160488127943 9448.346068595041
8780.643895598396 3726.729482851182
8860.43159718944 6562.598958161677
9238.530478784716 2013.3412290007923
5724.190945041242 9644.891129115189
7881.068677405237 3132.4110421922037
8445.891892985332 3058.2411077588913
7004.813642785784 2585.4711015393736
1956.8419909920342 424.23890599499583
2093.5414401467624 917.8683474010119
5849.1340803869225 9633.33456298398
5564.870776624479 6096.751743066451
9913.636372316543 1856.7592143658062
9610.216230421482 3046.8619723714196
4369.735227700028 2011.1424935786392
9422.39211810172 5758.506388762199
1309.090528491217 3514.829738494618
2940.938922402745 524.6677598612015
3591.751960960263 2183.9820879915396
5228.737297800685 2807.766951291958
7728.644289220625 3901.1702308229555
5664.238061694945 1647.849493314336
9808.27309995234 3804.7962303434424
1029.5595139588931 7837.488608039946
5967.5240441319465 6165.7025525153995
9044.17838488388 5552.221375045538
4819.787145741079 2909.101865812842
1066.5885316618605 7631.47095038253
5036.382938100157 1811.6513871672357
4818.84896445333 2904.6493851348478
83.8355686584924 7622.024269856147
1988.2514239749826 2444.693531449883
8118.770620852615 5579.77275792552
5091.709282472317 9780.3831229163
1759.745098358948 1290.3296035378896
5988.148029297783 8317.153486734744
7509.90691428934 9312.097336478866
1263.4218767357008 515.4668323577527
5871.132818281837 1298.535248671736
5469.907086554844 3531.332005982797
5726.3166762055525 8831.586010206278
1349.6241802925801 964.4965866870835
3493.0378789184124 7563.137536798275
8361.089616515079 9081.547450405562
7423.879162094828 5400.414095455518
6071.127545392809 5304.590165636271
5717.60278690242 456.037341239115
8480.672957168113 3097.2036504470457
468.9297311794471 6234.75840992263
2838.737707137633 9306.946487731679
2820.620966172259 8645.731664571424
9202.309218422795 4262.829241911885
5693.605198677677 4166.109703598365
9334.9429513548 6599.399275685418
9538.702122409668 3324.257311927197
9216.074271216086 8771.7537970455
7928.13566619235 2450.8060379430553
9933.60783567424 4920.328735161355
9274.437898360035 861.0239256304875
6936.463659583643 8248.795330314277
5944.3331073235095 7789.441525298448
1773.9629991044892 1396.6634575459125
7459.140097488688 4171.237322201382
3295.590847069594 7588.476333478822
2040.2391987647584 1571.963250010856
8271.705264243825 7355.438767597809
5953.720931495252 7340.722383634007
8495.052709324722 1368.8877969025293
2923.749185022032 2175.0133989257815
1237.4153815076927 6190.680234314177
3726.294036251555 9003.35462251361
8186.766664068133 3241.1615629258863
3662.0512283668604 3611.766094039127
6897.174799431806 4861.1620392002405
4546.48203596155 803.10601077354
2113.6183658047903 7940.88627722556
6918.786495220317 1980.6926175032659
2698.2949850061455 1523.3418343997728
4520.739412614432 6438.775378918314
2968.7980153314275 2534.69006640607
6956.039623082448 7191.451613257875
8900.12451481269 2227.0045298344567
2712.698224620228 3098.0979769855453
5129.405219472346 1180.5179285522006
7409.989221469084 969.6360676571392
481.17819494087 1079.8643033733379
4078.9470190717257 4849.3953348348105
8147.738229265662 9558.3989743178
9765.378981617798 9614.229794907582
3230.9551202339317 2960.280204490469
8449.70563083692 406.47346708111985
5798.39103491184 1390.0006889830474
1608.9958531510097 9015.044624018408
65.1051292064575 8976.069846163682
4761.721923346554 7885.984908046825
6118.24551242828 4492.021766258092
7432.474848132241 3979.5334792306026
4529.207612797661 7222.790542754012
2700.448862633974 8855.868815108313
9630.736818311563 351.7741072902192
9566.184051644084 7110.945023300806
9823.816695758529 6152.650469788742
3656.324475176278 5376.4572818503575
3582.91104613646 3550.5125505325595
4491.9506321003055 1051.9439302798783
9169.184076051457 9040.479683595808
3237.9858283305653 1949.5902254608234
8724.72498075746 5619.847940066368
3605.940116769851 5977.835926547192
6243.379969241849 8467.586059619596
6494.018637773918 1102.2990513829477
9888.682357292702 7297.373936942262
4663.443885824539 465.44250125976293
9079.204946741182 304.0789637744856
3640.446840593919 59.137814154592846
5546.52678382987 5983.699363820858
214.2790624987867 4843.349198660616
9413.326514690314 8667.867788409003
1425.359299797615 4684.381177550829
5241.281339250522 1523.9387607803844
831.2406346485535 3341.5243425312347
8880.17482357095 6260.0462002015865
7499.166854151985 985.675146705638
7365.78570359516 4953.651089928454
6874.345840492452 4840.709386924067
2430.858355152037 1579.1920511079327
8859.41918231129 5708.713995723659
4492.258825541545 8909.776119109847
3925.3854481632434 4910.53237369776
7456.666263463378 1440.9718993859765
8847.390026582454 1863.186892441193
2249.060299082024 9791.372806277559
683.9701008235887 8201.909499718993
4015.4333295550505 9267.25002628635
3949.2877155963547 3974.310287508781
7091.2380820799835 546.7614565572643
4892.659455974119 5320.66889332304
5456.937912004237 1712.784420885679
7021.229439713218 3549.669555822207
9452.022411928021 5917.947820277418
967.8796919273614 2708.26666831943
7252.17407713285 7913.272457069714
6071.707947879038 278.2620850375639
5099.718412075917 1167.9202217821128
5187.280350212399 2500.5559985536074
5791.099520168545 4893.94279161222
824.7746713745985 1794.950984147914
1254.9392237535594 6989.825039864175
3606.1397712950484 8883.3521412046
7469.019996455781 3527.401775604583
6101.1797706527295 9049.853621698852
4580.781614943677 7099.880224786876
6707.007034700339 6513.353409711413
8224.239982504861 3941.615622563346
4834.324990510376 8129.865696745047
7232.210875370403 3712.90612955803
8695.13520055197 6143.201045582338
8732.462822935893 4087.521722686841
4480.302591240024 5496.583298493435
698.9719360686819 1225.7721896128105
6986.309912407019 4725.104344039106
3783.205261918151 2605.1038675473606
7681.577436443024 7208.232774967771
9698.51725748663 4522.442837517609
3703.809304104092 1718.2873128799747
7458.910580589994 1633.5532268844588
6003.848086894033 6546.445345652576
9344.759604805704 6735.569086935815
4829.06661387691 5013.176511552433
9452.648607367802 9834.698397071616
6237.71647210593 6918.1036749787945
3113.6821383110937 9129.244914066277
3791.0220979493147 7355.568165875967
1868.4354354784994 5794.640336000557
3143.7688099426355 6596.651456989417
7002.023108735773 6009.365439394617
4270.290089847688 9278.370177819255
7718.2312445874 5529.122043085531
8387.775762028565 846.2860135352224
2753.953047212104 7958.41924655354
2487.1738108294485 2462.160392436342
1930.0382923161762 6111.7163813706375
6459.1542322686555 4210.837171947346
6043.031570708559 8933.814914840368
4858.32965592773 648.5735734131148
9034.406535005459 969.5626526725198
5136.448724603563 888.2872594923974
8203.45454899363 424.3199397575204
7385.48485577158 2115.2022443686815
5423.284327002494 1489.1072078678947
721.8506484098419 3696.509260264912
3374.703741012435 3215.434572227622
3684.5217174334143 1051.053263690359
8436.872164628023 6392.992242675092
8690.92854561954 4116.832367760277
5424.793467564947 4436.717303316663
5790.561315173267 1956.8216650586778
9558.048243854319 1777.2367563661794
8243.536811101005 7321.163013034922
569.7629439432927 5322.1274069069505
4013.1167536134835 6233.053112406273
8016.736348699424 7694.545854757596
7266.853533402342 7571.669715159064
1883.4477763691204 3281.9790929611304
2421.448293368841 9047.823785535218
3637.4374392972377 905.5475508279387
122.39638175156497 7183.634865066879
5103.548538235286 687.849998883242
9072.737513467238 4701.240976769039
1215.607977456783 7500.988358097379
3420.030754804909 1519.2187540899115
5207.580008872782 917.4965475132069
6752.113715077099 770.8247276336589
4818.722329070052 8852.496955778646
9077.401530425055 4341.582124295312
8019.594932194206 2989.7409492931347
8787.019555038783 1225.622646032971
2314.6549128116844 999.7392757453127
2584.4187050524047 5240.584539155665
5297.8654518810245 5146.641615406733
4506.770891059977 2002.6338114839848
6876.328513867369 617.6505239583474
9808.874199078073 4783.6820213112605
9325.251620396766 2831.4805469242897
5626.2651007211125 9001.515739473994
8521.263064078375 5653.994400772429
2176.148233958155 5806.5328962577105
7588.768587497686 1715.38884047715
5859.25658777421 735.6320506527603
6094.342182482486 5391.329091751145
3185.1976904854228 3566.877651942455
8566.889326498904 1819.0715095401988
1602.6690405604993 6781.290184446553
7250.656664647311 853.8613211336809
9260.555488603672 7566.825088653739
6057.088317189188 1309.3938661786963
7651.097704493879 1583.3385281590295
7620.237972668336 3641.8515822878703
7913.152473668429 1346.2179790620432
5706.603942630969 5617.702061079844
9753.21467346521 7279.683261568604
7806.180821038915 8688.582118987093
4712.473603866202 8612.952295218662
1218.1095908036023 4820.779413096722
4628.561009949755 7191.60454565123
6197.477171655463 3120.310878335143
4682.317758330665 366.0789903764716
5283.37764130414 1078.5880971563122
4863.529313648693 2410.7450864365996
5941.091520989596 5627.013473180632
8442.838895186424 1506.5064536432214
994.9428561949736 175.796629170617
9549.289008702614 1714.883971172898
564.3120657132572 3572.3159562788665
6629.147224195221 8394.188682831214
299.87238804347726 6781.58822614086
7436.473986313868 9650.050187157623
9829.094008663693 5043.882273199466
3032.1618836087773 6483.011150713981
7409.137574755148 9685.776645444883
9893.437140277038 6100.086874867781
546.8455330045074 1892.326962445765
1773.0443214604031 7084.963886477261
278.0900030244982 4850.2140522925465
7914.656829181879 9345.661545783409
1629.8507322612832 7825.409857680201
9387.28576247996 8475.464978322956
6307.760238054434 2057.014950893317
5012.204586177026 4547.126933944281
821.1040073765186 1713.1329742862245
6009.088044482222 2760.148153628752
9012.376628779899 961.7981642184448
9784.948331132799 8961.191078154103
9205.7054729071 9695.341629093844
7442.960657348523 9877.24794413339
9719.743010571852 3579.517232259706
5337.302091178644 6598.46487470695
3023.6192772857917 276.9292121620837
3061.6015614726057 9053.114955510773
3447.3363864989346 4833.9279568283255
4084.0053507524244 4470.875382809397
4017.2224995944152 7183.471359533737
4648.283695062984 6961.393655128842
3652.9670804317207 413.8017337420086
3987.5557503007753 1421.1588621908966
5134.905559386735 3186.889432050054
3809.243889301567 4096.752162295727
4779.878409898332 8878.143423161777
4572.6680935428385 6155.912886957104
9425.925716005822 7603.193982612571
9465.194664018767 7034.588758549056
8943.08391060429 2601.7263783656795
3822.818096998918 6131.684666072075
828.9149602145685 7246.002559895557
20.44373067628724 7797.02132818242
7346.519938057273 1692.9214174362305
4282.824518767756 7571.167493306333
7217.096340961106 1675.675696682496
9062.556295756633 2591.8336899620917
2320.0865490677347 9719.232322047537
980.1411471216526 5816.339413742468
1392.9499749481988 4836.138523594442
7694.989612582902 2964.8091754498073
7490.133618093458 1534.8774936390319
5006.397847481338 8863.307847874981
3137.002892606907 4459.458165920225
6985.251397145728 3456.4684268777137
7174.842773614012 2820.5563474092364
3428.137393326586 9811.213592404652
6422.842259419686 6747.89077621197
7536.230706541826 3276.5881139418498
6909.703722286359 8933.501042735423
2953.281853590545 9863.346532282449
3833.768278460399 4114.187444112219
1452.7478884475054 6335.658915736292
19.971394260471786 9360.819434849314
4115.432647288127 3137.9378013857563
8098.809373985555 9513.455448768013
401.1379523328751 2141.7490388213723
4983.521749578463 2528.709117007609
4304.821960875523 5445.765823367552
1459.0756890082712 2019.5057059680498
6056.477120850647 1339.9501527730351
1023.5034338154303 4687.671585187562
9554.473305536043 5205.240315011238
213.10005183653337 212.6011624413282
719.0226702750646 2766.5376916332084
76.63410256009917 3981.1725922406004
2965.5086489975724 2222.0176779483504
7843.38178793412 3225.2889655158647
2431.0791720293446 779.5889364448017
4615.25982283553 5895.2072360709935
7319.490128358658 3065.719245325532
7853.217224548792 4841.323772912017
6812.678828234233 4164.444792663605
1031.5298095056723 757.483766454563
7201.5540058426595 3555.065205505047
803.0985591201023 8122.466422855219
5277.341942830318 8954.32956199349
5653.2639754266265 1842.8898804162895
3205.9796256926766 4742.367606530379
7577.42522018549 8295.812667348684
6902.351834659875 5010.70993024597
5608.213648928528 6972.914623449109
5163.721129265043 7054.671502130679
2518.5515296983563 8602.638950891169
2414.5040335293443 7831.883091884929
1981.0285094657631 1644.0492689358111
5525.328396887915 5344.9024914204165
4223.312494740089 9131.153221163253
575.9086085535237 7925.9535645455535
4704.89774787365 2065.4929885294805
9104.327851333936 8122.937327272151
5078.858736204022 8599.366559417245
2618.6644104336697 9903.3436320016
3781.226441519161 6894.887201018029
5680.888117897594 610.4221341699867
3457.591203193139 6002.567763282925
7963.68828275652 6327.992255897778
8368.510383318906 8904.41020333287
6751.330632544174 5327.036732462505
1090.8332650539965 2688.48260143706
4498.361026638613 5617.273625525203
8511.283277951277 1812.054472147675
6233.323109810927 4608.800457199291
917.6908027087671 3645.8948716363816
8870.262350068686 5347.088521522627
9545.755399431966 7803.751139984793
3900.8227790146466 4902.394504636584
809.3775203619535 8982.549427679694
217.1423848258769 8614.097736541264
8669.261748435945 1269.7063744912207
8115.610464181917 1204.3403483080194
4202.500752915257 854.5715412624322
6886.706948278287 7908.113090513849
2193.974682207928 8237.393586043852
9451.460524105847 5465.101482161998
1475.5932245755664 2323.202075697575
1390.512563696069 6038.5169671713165
8909.723680691997 8802.163266875084
7093.8902649661 5342.707559850464
5303.443347072456 1850.4691683641006
2025.1907146045721 9114.949307457622
7657.450132188374 4715.453915568723
713.5620208325832 7125.819736163616
1932.824903399013 1454.1118822046285
5029.770034107106 1499.7175408111284
4365.205513454766 1362.4065713908074
8411.05491449308 4106.369348608369
1266.9671603516174 8075.73026048972
9902.254680338803 6100.729872725943
5784.455851339323 5786.968392065665
7802.103582388591 359.6194584527168
2208.2957026723047 3231.2028496166536
3507.3795527545394 4898.917941241956
7494.345174198457 7830.43406814433
7931.682092537376 9584.041268952236
1486.1709340164718 7609.797114321995
3138.4459072617387 6262.971730290629
8715.298238578063 401.89273817700433
2870.2728785388185 6255.471002341695
2556.0369678493166 1508.834912978766
8796.31125233784 2826.438616239766
9985.57120338284 1463.6358148067586
5515.231733963928 198.85381840324624
9755.514135939506 3582.488518048649
8030.424491058753 8166.764930067626
9770.780646094063 8872.040378507125
1543.7673124408002 6631.863374611335
8688.704714499941 3368.1914071203455
5738.079259480002 6775.490213159725
973.0729843143238 4389.730336974167
8360.05287651574 3253.8517967336534
5347.583812331865 1210.440844351467
6925.4593165329725 2898.897214604418
455.3818442016211 8888.275030328474
8372.72911875419 76.35602188194146
1071.0612295802136 359.1620195274115
7718.374166080848 6968.462791886072
5933.189362518922 5657.637906599484
3813.9016665010927 3010.7562699897817
2209.9843015851216 2035.2766702746171
9864.664110209314 705.6578003526737
367.33545865930364 6438.44273309667
8044.525297414611 4016.424719568744
4233.645057617191 6654.171690526001
7910.509291007447 1170.7045270717088
8869.628137747093 2142.8943601825777
722.7919140281358 4127.527546626201
5558.265805536325 4932.202472438966
9281.083264794392 211.33401549369378
858.2728802738626 6385.832143435723
7664.774167486968 4407.698957129484
1388.829338390938 9622.956180212686
8693.413222882828 1926.0010435006448
6062.842374265807 680.7571239332688
2300.0229380316573 2792.055350983569
1736.6058128867635 9381.466677759978
5642.003189020835 4626.251536317667
4453.864573302309 6999.562689763752
9445.155284998604 9375.953718335808
6598.978773500461 1470.8119613683323
9798.03975130141 6200.8650557336805
7629.252736059449 7440.556800283029
582.9399314805983 7921.79186472378
2148.3420497694706 9983.649321321696
9558.309384508615 3298.285637246321
463.83744370036675 79.80994876977121
9429.831775142662 6071.155269772414
3132.7451028787336 4304.113441764493
2907.4073698376124 3900.1603606689196
6203.310392010915 2067.9325890499235
4598.859732744858 1825.0945289979336
149.39114383599738 8989.204319394597
3265.019684955488 1912.7128504408086
9519.218103972804 5115.373487105328
5895.966099150578 3183.660161640599
1380.80344200467 9617.027059643147
1839.189179573033 1294.4195218650877
9244.677186724393 9909.259757832684
8890.94822175587 486.3236311447183
8883.836231724876 8610.951306851235
5696.228166050705 5307.53166888054
4882.232776048072 2132.85004460084
8965.056222332993 8710.12461504448
2127.615718682907 4224.735359265747
7234.317101103109 5513.308341066701
1931.4984063256602 6057.248744337394
2136.4463262924573 4333.528024184564
3555.4583500558124 1735.1755244339174
3603.704498230682 1951.8281221009647
9371.412272805344 3920.701761801283
3834.8562682532192 1875.2326195857772
1980.5370071815387 9138.473940598074
3919.8007004639344 4404.90305427645
9104.01868790245 4575.336999661424
1057.3239182038185 7032.50327138055
9615.553915182441 1535.590988150185
9353.886241041704 2885.2981264792597
1986.028470773259 8893.823871471983
1883.4734462653812 1658.2968942743992
4990.68643879326 9175.275756897348
7061.613296437102 6418.658417333789
245.12455079290453 9210.484988092237
8434.112104199725 4769.177256204702
6290.845936597722 4844.630933501896
7877.926237945775 1724.9415451999428
1131.6559760575362 7208.685585071981
3726.166138000775 6211.171109854076
9164.155529977263 4748.267351962422
9214.708634991614 413.2436668368567
3355.9083111255127 9935.188577053765
8343.329257814938 7367.016904999254
1307.043391903504 7474.514994202681
3445.944834228052 7356.731575244349
6035.826086342548 9192.216364697366
7628.01151592073 9607.542761449262
3808.783946200831 8838.697452396518
2045.99384271543 7556.541062328303
4661.807471901842 8615.454583025628
3274.668812821948 1659.4065019800707
7281.838637940723 4826.641636557902
3446.670635155491 6924.3374917150295
4118.785236911924 9548.084992554657
953.3463797493591 4791.802665321061
9568.7040664805 4966.365154854664
6720.6821165176 1734.4663070921274
6353.060218585175 4073.6761883481663
3833.634965410988 5833.78179777149
5278.057987464279 4841.198141558133
11.085827084356126 3469.803246732118
1009.4303126895754 5850.511794316025
3919.312371614635 3995.042078333052
111.25955489915684 7436.781595196256
2409.946476413828 3556.626717227058
6329.080825529983 9801.944409012727
8928.469597353684 5621.829250969741
7456.680182327407 9560.93542003403
496.03853568455537 7184.880642709405
617.7632739598571 7620.5785884210145
3514.4533014620115 7099.557666206716
4293.623132937105 3685.9132202909295
9812.562298271832 652.9868036409225
864.2395038424532 7118.51321177649
9473.403581091796 999.7724965036414
7142.577472652665 9722.842739724754
3584.7506277796183 6318.079335591935
5603.8229960545195 4579.923667634199
2676.983243756903 379.43646114646066
1166.6300038021293 7660.464224552743
2896.1625698213143 8462.180137859037
5025.862235165885 1165.0050375201304
3717.3284906121617 7791.984619772325
2573.19567820724 663.8885142034856
9732.73102409104 3904.481630880543
1587.277627427599 6391.073553317457
497.1112217935836 4263.493098997977
3545.506084157295 8004.293960993633
9215.863371853662 1220.8810077382204
7838.856189319951 1816.477822656718
9291.686025031622 6393.7808979695965
9708.31427119854 9424.658047360424
1562.6958284018665 6522.79931194142
2235.9734639419917 6365.472455473038
5730.7735702058935 7889.419947931957
4791.701837790493 8960.225724310858
2277.0223673201886 7716.37625091516
6944.12848297882 6032.367507168165
785.4106492361901 719.8667126187364
8694.728009366552 9563.439583863696
9368.97440299471 7702.380501700217
5646.916308841325 6362.270238796521
9889.787256501919 428.0666212466999
862.9959995412972 8652.643778310612
5777.463731004866 7486.164676283479
144.3187756392561 8235.29948907788
1560.7281377891147 5482.8616539149325
2278.641143912744 6586.640673930276
1872.5122311982368 8293.977696597336
9993.38731525263 6248.013368047573
7111.827209421089 2624.234616003852
5280.177652199126 5295.060978785397
5990.743069463762 7844.196526169618
2019.5350681973778 3223.826994764981
3155.9660771760323 2187.836504675521
2829.0727023277263 4222.517940563133
5980.423464848242 4423.795780024443
7909.321924334611 5564.302076859023
1132.4337671309304 3369.635212644029
7058.585479496563 7386.386289144103
682.788160292711 9892.195442429807
4345.278317414126 9288.636811759197
2658.652404657922 1345.274996272058
2986.455211861817 7143.875012670487
823.998268844195 5059.056100699581
8546.701346761827 6893.127879289682
2874.1002474235934 2645.5553322521896
3072.4983192652535 5981.727690222723
6943.874159338523 2255.055671910422
4163.629529344507 5945.233461719101
8655.90015100183 4909.520014233335
2232.496449871806 9858.483248728517
3513.614783904515 559.7272107797369
7532.47360953577 1077.12136436947
864.8784269203613 5404.833476080665
2209.53902503214 9045.81547206038
4355.841192583477 7436.219718183067
9695.45290560243 9078.528119082714
8619.823479695735 9023.991609664976
4989.516735350668 4045.359177821307
6478.597646243565 5059.376598052623
2369.5524928027235 1735.0288719866326
8431.111843890129 68.49384277462289
852.4026218817893 4028.585665803649
27.06355662684734 3172.4157153366605
2607.0433073975296 7616.398310198006
2855.952833503368 7607.422565461133
1788.5009570071231 2148.319001043332
1075.563711881695 1627.6300107257414
945.6067212960861 6460.840911920437
343.13759278737257 319.2611985463989
8890.238652001099 2564.5207810098027
889.068966900638 8250.866095834568
3303.349201622028 4654.728172236518
1868.2124077322094 2061.969345796618
4402.921830290487 3997.4705217752894
153.57618062163513 909.7425857560859
8305.566211286681 8458.258357149618
3484.4495567607814 8645.13822832814
9345.966389709263 2580.6812622234456
8457.1135914622 9151.992365858718
4313.328981552028 9626.40380493333
4056.133106452875 9246.230183649286
2125.1324728527734 6518.150954407116
2835.8466005408313 3257.444574158115
5089.05574578295 2057.867360680631
6395.7533189870255 5284.174904868693
2471.7040743265393 261.1110104021941
9961.354104571656 5999.626763703144
9982.393595985213 8029.497605156365
4861.259692766806 4636.607427469597
7081.678836396261 7711.3593006912215
2383.6464039062744 9029.855160580059
4106.089314807498 6717.943439098914
8940.319894260347 1041.722463126672
2571.3248060776104 9753.421506012332
6561.781336146682 2374.208028792465
4797.494780787483 6114.520926583154
5615.52198457068 1791.1804491256055
6151.011457110648 8121.823301031563
2124.4117911950434 3161.193580079701
2963.511497519803 1454.2810981168598
5308.04331458447 4540.4839218053785
4208.126034157687 5122.543829998667
2159.5537473313584 754.4396464907377
6003.405633151905 7476.939629755349
498.5777319784557 9538.955212884082
3284.346446508414 4149.709484970128
8912.944363104398 3672.5048511569157
2578.960645996229 3098.0110834042885
3635.9929225966794 8305.773384157628
1572.5613368997692 8192.570011594458
3090.245303495853 1342.6356385903794
5306.9916969480555 520.6413929592901
4111.982012767673 6352.624610794106
6074.418515166118 9419.997074193203
7918.102892543677 2472.987686058712
6376.710072320081 3085.6863097850883
36.76461637664996 6917.623249023357
3681.8245942894523 4373.308536814987
8863.840618302118 7403.937501342291
7062.915943761062 5603.014209598876
6850.458036610049 7684.3086365565305
3807.2027369072425 8687.393276740304
3134.8407639400357 4598.219816673517
6307.832047456751 3161.652218456601
1262.0396205472985 1794.5125000191188
4101.811261356646 1162.0705544855614
7691.205966394166 7632.399093986361
4525.61065302966 5204.0387965685095
2265.4593566014323 1054.730929082498
6440.774403612033 1365.1031300086547
2922.4162870815917 9894.388775725507
5635.027239574436 3856.341040266801
3974.7870519965268 6403.0081220443335
6306.858199449761 4618.8254775119085
9703.356266367711 1605.4236111611997
8282.113245394297 4484.379344793258
4165.712274261811 8691.71192997456
976.7108008417613 3347.598890124627
6716.26317791316 9250.793539925658
3604.693199772934 5783.231171119752
819.2450433086051 4537.916221079153
1843.9927865962024 6591.660725258045
9372.681305042408 4985.070355489226
1686.5628240877872 738.92871768368
5031.541444105848 7407.924573616429
4050.1513689060807 3353.825701046893
9316.73283360121 3108.9866678243093
1943.4506594392142 7476.973956865485
6305.256192946383 3025.9687622358533
5764.6058733754435 6137.333897825619
7623.185299569126 7358.52473877287
6521.788282269031 6666.684146406744
5675.290148951229 7688.896695209087
8920.855565205358 8628.714880667612
9052.388736970257 4588.093993542884
4669.434765012088 6151.558870942753
1190.6716038009213 4280.2895004111315
133.51073363290888 2354.5956362694274
7446.558960860261 3374.750055581569
6683.724155180975 5105.038179425011
4449.397000059909 8074.955993342389
2518.438329209024 7252.513951978564
8224.22265663422 2767.9169768858546
3444.8888419815917 4739.662552980431
3712.8525718251594 2109.5011113820806
9761.551811484389 4115.15647355524
406.3604450006486 1428.3170135014423
1544.1372985052958 1831.3340140688006
8579.940018077938 6331.874436643541
5077.721470776328 669.2546789582532
4955.590323583114 8529.224485037497
7918.371007898816 7969.335435962645
1053.1056258173032 6589.618893413566
6674.892011151437 4277.41340144064
3230.366968552172 1025.3858214873878
2938.8054604210447 7325.740331223505
5918.463393052905 9519.00686909413
3703.0816622553507 9139.845320682125
3017.7990242674955 662.7989606826379
6291.947587794665 1031.023164967131
1383.0403878195684 8947.080427545785
5312.542064981312 4396.205681970307
232.67618166734616 9373.754752370563
7591.6533665139295 2190.3097007857177
9201.500534274335 3719.592523811631
7500.502122348066 5325.0075144607745
6664.288801865439 589.0684736374574
9018.937569668244 6433.7980759718685
6942.9123126018385 8329.09180939128
9612.492476514513 3061.475272295887
5954.3537270604575 6572.872572821283
9284.83568377892 8914.155848594733
844.0913777810343 2819.394561937263
1909.3800355637647 6234.302003603794
4207.558358487587 1916.2034609380153
772.0506195250432 7726.914549602042
9266.901818449209 6722.70057352142
4700.932850735921 1414.728800404087
1627.2081731780386 1976.6108376970094
4049.8066788619003 9640.474174017068
4310.279871492395 6097.912757388938
9305.776422396642 7389.787606348176
9693.168066313163 4624.7245724339855
4475.505246391943 508.50527321509185
6883.410937088327 6094.243406174526
3138.6406368118123 561.7367550517027
732.3626603758681 4518.704072041288
8443.703887149684 319.37487461268677
5888.883667736285 438.95112492263746
9416.04407813176 2307.4315912777265
303.00944175155274 8174.653447511659
9616.499135869399 4207.751353430419
9383.71322176998 6139.433591852043
5055.684007559469 3002.760992182939
918.6936622529606 8539.274124775011
7638.94102213332 5710.73896309832
3255.200557932405 6349.669872755671
496.35533931239206 2177.3056533547497
4071.065848336818 6548.1236779297315
4190.864769639079 6090.3075072980455
4739.742295137933 1444.844912277191
5394.94383251903 9001.91928739335
5951.23835712533 8643.359648593165
9778.23101750022 8945.772987086377
9341.007421590539 3098.806334842942
4662.839967663433 5889.008515756095
9324.328528937953 9953.369169201109
7939.169494066521 2704.2198729978463
313.54744732974837 73.2313181192723
8009.753974374456 6336.13236340626
4315.411591440809 2523.6332063932164
9919.404922694379 6335.87631091914
6290.136618278793 3080.9749081162395
9759.183226879411 467.5867051130767
9426.070685285044 2719.898534964503
2457.739092129031 6126.168488640853
2547.678032926146 2821.4859500450575
4275.159957959075 3952.7359571484612
8462.676988909267 1659.3968004394876
317.83447521743557 4426.621597955961
7206.750830603142 9266.457822004088
5765.62429484758 7798.1089128689555
1796.8925542274837 195.04219733037286
2399.976531565373 882.7610542794162
2246.7089825182284 4074.2864045708307
3345.6362551188768 121.09385739885626
8066.234080588086 8100.195209450184
9771.298995136003 9824.015931054302
4687.199409331261 6081.718553668779
7529.192620209653 7011.146869913974
6111.972141960115 554.9932592761064
3995.54542621568 3127.2281697773305
8349.29394727519 8829.21849542942
8323.82620720415 1328.5412497813365
5392.362267515194 6283.7501878759895
9495.924709273328 9517.762459772639
4565.297136510151 1839.349375827315
1025.442220187923 3201.7895733442324
1375.2560581894425 8969.117234467252
6088.059528008255 806.7681967971041
3972.7254315319883 6222.388003317945
5555.272521413288 9941.762745501495
2189.8902919576512 790.2542112978483
2427.2833605777387 5965.335111668733
3117.746704697765 2424.497619604472
6742.698401641952 6619.402210037424
7840.975953842578 5827.712634859863
4606.117719953678 3571.230297899317
8992.860590306247 9155.905721076988
7280.731903226752 5087.725318909562
4291.764107000697 2353.243197625111
8136.665959681939 7285.906684184195
5435.252497873215 5809.5640136670045
6437.045866681637 1073.0486991225773
391.1526061235015 4714.0296455829575
6388.440698036509 4533.090609578459
8961.226371583156 7319.766821339011
8667.74954071169 63.5381361408549
1491.0823486935888 335.6599731823728
5161.916197439529 7891.01151720986
4291.392452464416 5566.877950728084
4561.179447142629 4113.161999546672
5468.257320544685 5314.972062261075
6942.930042599433 1353.889485517754
6264.359793630926 519.4360945924014
8713.865604535627 9642.099168263881
9667.216615450256 1408.1836983822793
365.2050039003696 9053.077028603295
9856.804367035571 2028.5133204234296
5142.619762430567 2192.1782219660067
8413.159790008584 377.7122283498724
6684.126736904863 5841.852792220078
2976.6949398844336 2282.313089300375
7696.8721117633595 5828.614405009175
2302.977566673444 6653.304378294391
954.3801981480649 8166.4791389022
2013.7693629637088 9700.423026256401
6296.75036340184 1743.2005450311694
5862.001165155429 8642.41693229508
3621.1175784974657 1518.7307942831062
5014.575809976645 1084.8774217117907
9981.08653656104 6984.667138734445
106.33730283805876 1792.5463122449148
3600.632556915935 5604.185566260292
1467.5696683083727 234.07016323882425
8597.143848884565 3186.2730934894835
8386.164214641434 5501.652083530475
2015.0780426889758 6107.895046941404
5117.233569113825 5599.538118954778
8278.531352884127 3573.672744100168
9965.605153353883 3282.7455921989267
7591.300165906412 494.3007796112342
5333.46682757654 3970.8525400978388
944.8643968984749 2281.119913159085
6547.0262734804855 5367.063969628007
196.82263885575145 8004.1158072789885
5244.0227725477425 8968.199289209864
4371.867670718689 7085.968939973933
8309.96347071483 9743.30607841296
2815.352947290032 5719.847179157932
972.449271744138 8926.567752400919
3990.0274047507023 4393.965872203324
6030.384780495095 170.2419375896136
5300.823554057304 840.6146795389458
7358.228063407148 7412.876822765818
4985.855354880721 8389.432550162455
263.5196157319175 4317.981320017018
9571.377663682624 3947.725178410697
3389.9225732881046 3440.4039208894
4935.413191591166 1565.502609303807
6349.287806333355 5284.270629426707
1501.3653638367264 4378.062437271118
1476.7051560402222 9559.29281846772
8271.44874210375 4159.422680868358
6344.038876326658 364.740891047266
7818.6102116343645 2222.3554992226414
7093.019533194559 7260.9060715046035
1622.343861005059 4192.639561779796
6127.041247249813 1543.7752345163235
5394.787020601734 144.51227631026907
9519.258595401037 4279.799839598255
5991.234814164423 6079.38567136548
155.8777811393941 5152.687830997365
2552.9684801511376 6620.443040881626
7763.833324983302 8411.71148681932
8652.294714206604 8627.174251366792
7582.965538419625 4857.295467443031
4856.103378518496 8955.962868469283
4011.1820495883653 8961.370090073302
3600.8209074680462 3737.621202142305
7223.599886059725 2792.167120655941
6037.949980377092 8913.817528534188
7887.289651775845 2557.7119698068695
9655.335744887778 7883.483156386617
191.57474302337275 5586.312416650145
5317.935078262625 1193.1954444850824
3202.533212058315 5049.130812956064
81.39421193690599 8083.915332905451
7200.264345708124 8112.251467924682
9951.634112912343 316.1850711192382
866.9743232939009 7652.104467341388
765.6352021891933 8759.081656595708
4433.7111867286185 8448.660264268714
2838.5455310738416 589.7563063883993
9630.944732095339 847.5488270333431
4506.830958103713 1894.7613065629444
6472.418592723038 3799.8783608980334
2261.8410318779247 8245.786074274834
2165.256120468627 9881.74355006789
5514.931272927749 8882.718012151274
5399.4698615964535 1476.648999698732
955.8973452460606 3143.764080265613
416.00080042569545 5846.5567037037235
9607.576084763692 3619.147523830701
238.61912319918076 9876.847717060036
9437.779292266085 6025.463915774081
2518.4410333486076 8089.769346958373
7193.561096351207 7343.012789072361
5627.89287704387 2685.752269632651
5327.8118579740785 3413.7013600151577
5111.0331884475545 2805.6912762289953
8023.592322419553 363.73909625984413
8968.855073713603 100.75678954335699
3537.6498457551897 3329.4574497724507
8202.592462762963 188.73931475844265
4615.233823489023 3531.041494501187
9687.213697849773 9411.175119894035
7952.038462879677 3167.0033525390263
5583.044688481887 4997.0293656398935
1795.1190154101837 4275.1763193515535
9183.885323804921 3020.8535952329207
2491.811905765939 2355.7654369234406
3300.630358834864 7901.371135971514
5929.84109310034 2200.524019308663
7476.87967353709 2986.953148381364
928.8902016302059 2185.460053187737
4745.036331894673 1896.8411090994564
497.1748004574006 8748.877675548058
1583.63271104088 5779.2075866175555
9711.98806316325 6169.997311622103
1764.4475355370914 1085.8437898801621
690.8477689053616 7146.607703134407
7389.9704175917495 9716.954751832616
5257.519466350887 7801.39393287555
2812.8836756135656 5579.19496783561
6298.209151217139 2776.724288308732
704.3679729681029 4328.02993957088
5401.860277430776 4924.695634922671
3537.339115642798 1563.3674818327415
102.86677525703224 9860.105283147064
9871.235761000718 3952.887973422301
4411.558112467495 3186.3657202904014
3918.908770994869 3944.095045904016
6939.355435420185 6673.841418058562
8726.909743491407 5353.046943350993
712.6125588256615 8522.07340072028
5369.309985617132 5495.1419660176925
4987.344636178477 1586.913036290476
3599.4093010984916 8671.72015513393
8396.870349301551 4818.69902491761
9736.039892431894 6319.809086348486
1965.084818639171 6250.206756395326
7122.444485242646 8001.03776474175
2879.4456545515577 7791.610790225676
1616.2308505367596 2817.708103451796
924.237804082717 3741.966900888748
7408.926743171892 5037.82336609668
8875.756980952063 3527.1994392353367
1460.5272070503117 6886.723903393451
2506.537818212394 4890.708987150883
360.6834356493815 865.5671367165896
9566.147542070137 8830.179216357266
3027.6427949240338 682.3856690018671
791.6000710471483 8561.013965514041
6385.202905706165 9819.780254555135
3948.4121235206994 3679.834475964968
2095.874530438837 2367.9935066153457
4509.113953627749 2726.219571656413
2951.4448055900643 1330.4617433224796
3733.2620542287486 4700.5768564916925
3407.4787993073373 5587.3352343739725
9540.321142195255 7297.365120100036
318.830637263674 4576.497955365907
7853.76057292834 725.1038968052414
1464.3672972689737 4185.446566015748
8408.296403766737 9061.38986505351
6219.609077613572 5292.123195918909
3205.9933421766905 562.8833426639324
5220.678303518753 5891.45418643085
5493.874173943302 966.1545397691095
8385.631864295934 8309.623254652008
7168.485187729016 7202.102093329805
8520.9690608285 9709.189985485324
3461.436976466664 7240.572296718469
130.28656997879472 9508.807273624345
9530.977195363259 7006.777533384037
877.0569428480035 5654.57167665816
6063.785543374547 7818.685366840762
6705.458341330026 7833.68556365453
6812.671424527402 8109.624032926466
4606.841043627961 4311.220591253345
293.17612277313884 1794.8038187099135
9787.232942151197 1003.5444171311225
2730.7720317463923 878.8482021008226
5863.02666562762 2146.15578937272
7034.916294703478 3150.7776553832023
7177.869847001547 6922.007833398807
5575.076751332599 2294.2793491223133
9227.664989752531 9796.166563128692
2922.9570943619156 6935.736255753234
7510.318281380226 88.42137853165455
1523.5158624143307 6011.399762460408
774.6223650481198 4377.83510046835
7388.159723823607 5948.295158786729
7716.583343672439 7393.156828635794
6304.740216982906 7580.274839856884
4775.268072454056 7961.667840733735
5769.9035702446945 321.23397310918176
7052.726146197317 9701.186262505671
2636.47723725273 3871.0583334382277
2480.980763935309 8187.500543801412
9858.899203420517 4613.920855470916
2971.5103393480704 1916.6050030829563
5825.367714755968 9172.687462609632
5818.075776089565 8711.899081714755
7652.0198126792475 1906.8748628955789
5447.20756768121 3014.2873743675045
6605.8674516829315 5741.067373812606
3594.497900535246 6628.04738750086
9610.152023360379 9738.598631250336
6460.5239323113665 1358.4462614332115
4150.2636908189115 6442.3771789557495
4060.739424940506 1516.2965129115191
3576.647144374443 1259.2640423226153
1398.7495106901492 6405.386675858014
7583.91481546794 3390.3576673340986
2999.9775968381414 5836.2087779855065
318.0817635362032 1800.5209187470505
6264.228317186138 2466.7888278393034
3769.8294061359948 5604.40211451422
1581.2708792962205 6628.144959622544
7068.7219748351345 8477.71236754863
3248.5935625302377 2477.63067615945
3048.0187470548135 8612.973598621273
5584.1553783149375 7952.573745910771
4976.29935391696 6161.097212116925
6209.065838421215 6760.78330296878
5781.436690030574 6771.089381258421
5134.358194130052 9588.071552442068
3215.224517369698 7349.038735797951
5208.9130853528195 7868.087226409154
8101.939912918351 1795.1668147035616
2295.331453970043 6329.941581562634
9525.961859250687 142.58855661433256
945.9079831554418 3677.6292368612762
2891.507174043549 240.1023775959721
5342.805637060654 1598.7037502353685
5368.599211420584 2088.616079897343
5814.926079086377 7256.44862001628
7660.47624652083 3887.6584848461184
6690.050509729398 3190.1799854730216
5920.863816983777 3585.546297462906
7630.203448418773 7010.032593626905
7205.749777999983 3653.387377086579
5770.270821970999 388.6756913605416
8093.069950711715 5242.072778665464
7049.461736973438 6755.976142494855
9301.111565992094 7833.402187118489
1372.6966532251495 9693.143230411582
434.13936348132063 3736.3005183400346
5593.988534215517 8748.73981784744
9944.78194151167 3415.506883906132
873.2166734454149 1162.4173621770085
3697.5089464597786 70.63423211024822
192.560672625125 8191.589946340032
5004.367591212809 7874.736961598171
8010.6837729536865 7848.715034677525
6847.551537255824 7750.546874836677
3383.8571942172725 5689.261493618676
5261.5194951819885 163.6811544466443
8415.578305514184 8788.343923517257
7377.1235452295405 992.5436461488879
9782.849805357315 1293.5932692174335
4751.1938037037635 3782.591546515579
7382.037527889461 8934.258208781634
4104.653933933705 4075.7538721541596
883.7209883180897 155.91208359270524
7248.523986264114 8132.37640386982
2586.384225721301 4571.187837874503
3693.2857763456727 1294.0072952808357
7157.754591739609 6101.446236639427
6454.64743746423 2013.8267170032564
5222.477956505317 2071.5308093225935
905.6113125627752 2042.6209923135418
4467.323331752769 51.128532901526526
6314.933669362442 2012.3204189091325
6366.643547545886 7823.3376586617605
9402.58759145954 4995.171579284456
4357.63604126594 9539.53395593663
1987.983809408389 3610.493513188762
931.4778741563479 1272.36395634876
3389.9933935087934 9964.889379274438
7035.394223459659 8012.031154472581
4858.155267333071 8883.30737192059
6776.763993823915 6023.436048825623
5356.755401151354 6006.741031104039
1034.0675981939273 8230.76979200116
412.30809252002956 6727.8131892322235
1487.5476268341504 8668.389905829681
195.0420395106611 1731.3081091670113
862.2314038991296 1610.8484669876877
6784.633764373926 645.9408885387242
1622.1530190664157 8687.565275057354
305.3690627923833 789.6585880629536
9319.680541216305 5367.263536685213
3974.6794318384013 6113.974884146212
2001.8047910730397 5421.89303329944
5128.183512743274 800.5818943827725
2107.9430175928514 2700.4753347694377
2400.2442140152502 7528.428467719565
1533.7996557178458 8352.063572073605
502.690005102755 2791.5842060978434
1662.7178249938013 3408.498780499003
4878.5817980784095 6364.331799786235
3744.136669211868 2452.4134570499755
5571.866668939878 2123.4240270745972
7269.257918109286 5158.46711101048
9594.940104385505 6921.499867322749
2937.5938421477367 3887.465490899933
9019.336050520593 2901.879766160651
4280.817102112226 5996.121186157424
6343.684269441242 1371.3961869113411
8500.004126346317 3494.7096479427832
3990.988360721819 1651.9389294724829
6322.1902310108235 6304.330966159892
7086.86866757662 6593.388497265976
2267.4756038144483 3149.6533753701174
3294.391942457472 3690.631447763566
5331.633992713077 650.0096449706793
6189.041730879935 954.4874086801103
6113.170721585456 1068.4142277957133
2788.805536251706 6221.97197294961
4898.565130505188 6646.2463481966415
9196.005161272129 2047.2456861594846
6936.381810902092 9906.517158747516
520.5816100994243 7515.521572309613
9374.741616997164 8557.009066884983
3579.8064484556903 9491.449588646183
4507.651772069685 4132.625568374578
1793.4221580722076 6922.421485205731
1539.1772066405586 2175.6536923990443
1735.1730455880997 8783.537281805895
6550.9209647467 730.1703848849717
9346.350427640367 5099.768571355164
3622.659711871502 1115.1009544089306
902.0764206091891 7635.114675700304
1489.0558431269374 927.15434826801
2318.138459125653 3114.750288016582
36.12211591120573 7057.285264928496
4945.19099353755 3655.8957119589218
2588.3238094853155 240.48715666832865
8543.981360530599 7775.520293094403
3344.268631124198 8709.372979600425
3110.7383552331403 3215.945096132544
5171.589000214305 6482.749531551306
5926.261408319457 4020.767689206993
3015.7725881940346 4151.392155551723
8351.385631496627 4004.683995219396
331.24005620788876 9058.141582456285
1729.145230169592 4150.691129517133
9940.160547010464 9530.337581452439
9535.43794688009 8560.65794503486
8465.477620111023 836.0693709431343
4796.936912258463 8137.789321424191
4649.671487660681 4007.396240375123
6852.089016925057 9695.30396819261
4075.635711091383 6328.103918991443
952.5180121085874 7902.685130999928
6574.2195273836005 7190.837612798129
5079.615203493941 2286.3006549936536
1029.1018348078608 5144.944696476576
749.0811542380793 5937.434203727649
2941.163534938812 8846.09433331347
2803.674479456322 2447.52567165327
6711.16580600518 4769.452848965632
48.15561823999115 2937.5045479826044
7877.525388396691 2204.1998710196376
7930.338274682365 6414.217438696972
578.8066274895975 2041.8025514224846
7363.296223220821 9542.429529686828
3606.677267277398 7054.48953790024
2971.2847897963647 478.5452452733341
8796.80339912114 9083.884500753726
8468.81352707435 5357.242762527075
2747.6976465496696 1334.8183683596349
358.96509941372835 7744.580346483194
4672.707245787006 6551.429557452696
2064.299299057306 2420.23390779421
1742.0308020220189 6031.995588397231
7189.268571755873 2460.8093931439535
3601.4239706902295 1855.8662341426723
4897.996468611395 3446.088386790044
3031.3965371893537 7969.052686938785
3793.115755485251 6498.084520542694
2033.5946266158999 3145.076165852175
4921.126193721521 4477.4773482604805
1476.018441889685 2844.8440887328675
2145.9493378366356 5498.457392277096
3548.14771532186 2790.1409706928503
3637.0887488698177 1372.4793549070969
1837.0769046559044 6746.2170508900645
2868.2772097461607 5987.2247829085845
5353.498023892766 8135.9825920555095
7865.356702747742 2294.911414138142
1153.8768536636278 9444.071198968142
9416.000676839662 3519.862633973911
2599.0830218342808 9213.97026774877
8417.446045613144 362.1574529597649
4796.208580136675 3479.027276799578
9887.769123640108 837.5356401326262
6190.612318614665 1492.3468471233348
6100.859199788222 1932.9767576748814
2434.54557250818 2566.0451250119577
5685.738445150603 571.6133660760969
7593.857604590726 8626.258745041057
3734.1972984030335 8512.835454100357
4483.6186736470345 7830.005870660973
7304.914766562904 7144.525267404602
4068.731850196048 896.7678478983477
4376.549833430152 5809.326336487843
9831.450616286906 5941.288400823866
3639.2189800610754 6041.731751424008
1230.2433870894004 9294.896552675065
4636.617223876275 189.53618340575738
514.4468256029644 6101.799165009356
8658.861124542456 7240.73054031799
3384.4802940426143 3414.1197820259363
4005.8011639543724 5978.536738994755
4853.390002698707 1701.270020501724
7649.1046848576325 4208.892211667473
4327.980867233317 4485.5966655261545
9876.382092356243 5953.257605230699
2303.721696033105 3686.590668911952
3572.1577681535923 8098.2095446435105
8569.780284809249 2012.3140451804177
8165.9609970535375 9206.310734362381
3424.9442402551344 6557.618811141416
2144.3748431108334 370.127050881508
6991.244397304436 8635.418127634108
5278.098888172425 5899.482426025868
2381.773908728182 7459.609320290496
7469.8936811643 6797.0955461852855
6305.403304599786 6019.704107230001
2110.985929734245 8909.11043022018
5842.911395664375 1091.3592761358336
3188.03846328613 7370.323038936368
4017.22245726394 4089.4924871360527
4187.605642890541 1769.5541399137128
9515.884604326746 5984.024097398284
2552.262216442839 1420.96613734756
5564.578426427188 1439.136599080234
351.14795188741385 7503.838273245033
8054.478729599245 3829.4034784394216
2447.585173772966 8430.471112321504
3059.1303486488364 8262.355055462118
6830.170327307818 115.48909127310102
2670.791259532025 4402.858305938655
9155.199896348153 7574.3208146188645
4550.407543604839 4900.492021709594
2958.9289119784635 2886.41829304663
6232.41066650182 6869.91663426075
3010.204834670308 1332.1247391710667
1671.047161412511 9738.307298994674
9036.28920496403 7732.627521782032
1624.5863527793858 6924.467152427265
4048.396478184184 8655.068240084624
9217.100821918066 5003.158174202866
4282.698711427156 450.8820189498952
2473.039135974652 8155.411638419513
5379.649854593542 517.7395385833195
605.271637362892 2789.534345273571
7704.627078733685 3636.6216895126367
5940.437409059456 771.7660998798948
3715.589056641354 7299.604528853416
4672.691829340628 4607.695912494615
4830.792551831734 9973.03402579208
5795.632197817028 4396.896119816034
6182.915926188498 1955.70301792932
7229.8240438406465 2284.103828366363
3804.0521570125206 9768.683488739947
1470.4056819413547 6447.800395434673
1456.8419960652502 3120.801095414776
3203.352363716088 1193.7568455153823
7831.119003183082 4260.798866702824
3321.3370804609067 6491.104457147553
1739.0823286254586 6271.733041298783
6457.438691860709 705.1562123926502
1789.7411016638232 9698.857322389484
7357.855840589758 1695.123956837864
5665.156873695043 2512.6813087457
4762.103462828476 1724.1448504261814
188.70650942630186 2922.5577063222518
7834.839989346676 5113.612509101398
67.84276288936519 8771.486209406914
6166.128868932088 2343.4434693657327
8151.31669185645 7683.799254278646
5800.909456270278 4654.405173760377
885.454062072607 4326.469437549288
7510.153675617648 3375.614526843167
619.2324556875927 1839.6222349853153
3731.646646374349 6239.175075268075
1891.9372005144264 5562.965301032234
3150.203068053532 3245.1904111671483
4338.096297238249 6941.46125127701
3096.5701569428747 8338.231473587648
2888.52577334447 1122.3442919620031
9939.334515590728 4184.547713145934
5601.0387493265935 115.50296875482258
8676.81916167588 723.9512567592399
7182.618929284356 1293.7463771374414
1385.7491107946273 4902.196249321309
7578.758012635888 9714.381019946766
2754.3516281983693 4121.348720947353
2840.7942640312112 3706.1456423284853
7959.576973179944 3650.480000236671
8367.514465960658 5828.284935142833
2334.629973328435 4365.615596631822
4148.094557825526 385.0715663984883
3805.3124927779836 5148.291061970039
3113.9504151175956 5523.568424289914
8268.013731544794 9067.91765155869
3825.5981235517966 378.608536934435
6352.944774887197 8819.799156656392
555.7523581950496 9360.204783630963
8824.995123540632 8643.916886886027
3549.676390420454 6309.349526700393
1443.6387923968275 5980.496694811127
3466.043388296759 2922.6328119125055
9150.24092547857 9996.353128763907
8039.133952003736 5379.0410894648285
2214.24021485772 3655.3584631545878
3973.391402742601 8548.938772066545
7135.40171041434 672.6687633045691
1875.5059765006765 8563.099290192478
7772.417689678864 3609.0209650336537
3751.23861654172 7983.481587632287
4350.7336598852635 1537.3940733825375
8313.339023955567 7842.628715361953
4015.2659733563 107.10127497113753
9176.364286081838 8569.749829998276
5328.748397868358 2340.6389597406896
6608.761901861354 306.61050776370604
7840.550857100027 5929.222645172681
6000.928780648036 3825.938883312504
5050.4164780575 6479.545910810784
7651.207706043711 9987.98819802832
6941.022160524511 5755.343210969737
4674.076657351589 6613.519440985809
9568.642459655008 4154.561364239333
8370.53750065014 6151.688386829666
750.421766391427 220.3486536907273
543.2688171196953 6847.307481691913
4949.478032761415 6987.218087559759
4907.6249028687 6561.658528221861
6601.9357740750675 7881.578576932776
3171.8627247745403 8533.554800402959
4818.267126860904 2406.4452533632307
5213.831630606812 3712.672745700518
8149.256458889487 2609.919803986821
2333.5228158434397 7141.20552273501
7228.681841267852 2258.307203622393
2480.267823060628 871.2458499040332
8743.923884454487 5819.372782954279
8626.910133078876 9508.86860294755
6894.889384631724 8649.45058732855
6933.406610162496 7004.250755433123
9916.462515832138 2678.4899149891826
7340.731581518813 8462.936614595621
8251.689901474938 5972.71963491616
1710.4251444052309 5875.769107740077
7647.293777815174 7903.1562188604075
2429.374275912276 6631.181036261495
6320.659659764726 4544.821586380325
1017.2444213367504 2256.0348280316875
2179.9655056923207 8290.465387952112
6374.615573320765 140.17586596485222
5839.535489995547 8034.304269349093
6646.149232470528 505.45431524510855
5914.798649671447 9637.135625476194
4424.79643959345 9654.186859192125
7251.342621807378 6458.023202315255
278.2240312233131 1738.483834240604
2152.2379016355376 6191.657343818171
7034.073085204322 4709.444133160934
3230.7066608289047 8150.333109504535
6627.996796559111 4589.811763082977
9841.041669963532 2930.402300570606
1046.7014274929043 5573.332868800138
1163.2561244571239 5221.9793618652575
4204.129123735793 1551.777416653125
7434.07442542559 9403.66014223948
8986.674559713676 1066.7641015556262
8179.88923317584 3128.302990037688
5775.206149053745 4058.4061587536257
9153.393585783293 8804.51008792795
7307.852846202586 3803.0524931574128
2762.55404834061 6768.330404819324
8502.235446943243 7703.599668629061
6815.390946190459 3414.896767822283
9157.47433148295 5337.212838895857
2399.3836656587055 5233.470384165219
1665.2937520620758 3897.9560610242615
34.34897680959836 1270.5174879912672
1707.607936275809 4374.530935914522
8692.639745316017 4803.06671194071
1855.6801512266175 3008.96536078747
7253.966318490782 8510.96494339849
6224.20473599608 4164.172421240026
4216.686949883203 5693.54605713748
206.62853048104336 6454.391418998832
6291.034436269592 1388.001081727387
4414.510872454892 3176.010089755261
7272.832361361526 1395.696147770996
1722.0671673873444 1481.5911886222011
8354.743970944086 339.99396493056275
2812.771319871303 843.8787568657391
4389.465414651674 85.12829942783794
7683.899720110228 951.878165963721
6134.950986998425 505.96264872070805
1678.5859865582731 4403.143761392559
5251.3982769717695 1402.4467601154845
2084.4632651093643 9778.29769935034
9054.987625790682 5088.360969978875
7611.230486624754 3917.5860039999643
8036.098383329361 5671.461444663561
9077.715130091257 4571.349110027579
3262.932637482653 5998.792411572823
8927.490018328119 9365.126869868593
3568.4863598245897 7062.615652578562
898.8924822023725 3826.4896907725474
1601.4517115283966 8565.077443105862
3164.3232103104624 2198.9241741808664
3189.2214106149695 5892.80410270002
4414.953551003773 6925.802593940319
7398.062355928465 6681.82840622751
1430.6500194166815 5208.081436960109
8807.521730003024 1536.5675851948668
9869.593579019862 1667.2936126912896
3086.670840093324 78.31396464278329
2085.4437944934343 4560.3573430182
4634.454262325555 6824.467903739477
5162.8698084454945 1411.8918481244348
6622.579321617681 4087.121844601206
370.0108099000632 5905.70251044778
8984.187796269272 3298.0228476289453
3706.249223147533 4321.8861086930065
9187.636217534593 7159.552398573129
1093.2793094167926 3208.033640203096
4140.639849981989 4084.5415220306913
8694.502299404643 2559.4288458156357
6298.96949022927 7381.027203957038
349.49724225645906 4108.385922279446
6896.418102298156 241.11248885557268
4125.89948775699 7879.321987032077
736.8605791256666 9769.575095137667
5470.003916985638 5088.734742307836
1566.0173508898113 6353.201351551634
1434.9941103562714 7182.168065279931
3466.032716193639 8994.324821388955
8296.347197679188 446.41642007456903
1575.4272082452858 7040.83363785937
7131.745134740939 5988.692760838583
5374.815347709568 6859.0569268141735
5068.367329137711 533.4574699707129
8306.468109540785 4422.561130709158
3172.6269426059007 182.05574028729353
3853.273749685304 3957.8691444070614
1108.2035662497801 4821.261530087813
1150.2341647577275 9023.225082292918
7189.912015868467 6874.0317548401
1124.2281079202799 9276.353555447879
6911.562729401091 4256.815962674603
7259.968082651597 1691.4182388827592
1055.5241797612214 8161.997874894876
5259.037606955991 7394.082676165419
644.9005811189456 7427.286739134825
9745.85539701364 4372.329756999752
4875.164157359864 9922.159416862438
2150.318904914632 1434.1632904756896
2214.656580842559 4191.681621317283
6460.131735514405 144.95381621701054
885.7373044049732 7974.474351283487
4981.041912736606 6298.764033531517
1014.5177822372453 1566.9613579742559
131.4951302258971 7564.86527340994
4701.079587636059 988.2266507171122
3572.149253563357 1710.9883300430195
6740.009769214642 8127.093949554991
4179.013800577618 9834.814073769168
894.8751565984925 686.4977113767168
1518.7037838537176 3050.0166709486275
9117.878509992182 8325.66122723562
1992.1986587145213 5893.988465251539
782.6998305451649 8504.039923202734
4784.759813449855 4699.493660484675
318.9186256016563 4254.823624156813
7817.279041913866 2413.611842298555
6932.840144353997 4900.787859349982
1424.695087677421 1339.0684552236087
6495.765876144922 2101.4179927987775
2383.866596593631 4144.219500554551
537.0860196008742 702.9471235548912
6079.313354454894 5974.3056646654095
2265.88275768022 3058.502571610915
8561.394020566837 1631.660969347447
9873.042931390959 549.0966472875768
48.148289699398994 9794.181358160879
3085.9834313584865 9298.053692375071
9000.331035942745 1042.3089063983925
2828.223972168943 4907.2991235383215
5557.968552834226 952.1752501181912
8075.3247059220175 6188.052372097792
2678.62084959805 4122.1866056347135
765.7052349545135 6322.865975645958
784.8547120895155 7713.023941421384
4844.749369399579 6122.579399929541
2964.153041388421 1061.86727501563
1457.2184753728823 3092.251665139739
7010.417314191377 9259.182054228202
3254.672811410756 7513.964168233285
947.6533851047831 9485.157433059692
7804.238514290853 5579.295366537343
9362.435609101001 527.3107844830627
3588.790465446139 5032.68979263874
2711.6532934039374 2308.7534312517355
4959.119767375252 6546.5474357063
6769.399454736756 2555.8049578955142
1164.6626221418499 9210.51882716993
2196.403169334715 9998.420363532048
6505.8639034196985 8141.329173505381
3204.0620085458004 4871.725760513961
1465.0213024554325 4349.547258949777
1023.342648598502 2254.024651734461
6970.646592707311 8969.80062449706
6307.402797662738 55.74932941553978
9001.12907424929 7243.704349790605
2764.439134091644 1202.5003684711687
7907.267576980164 94.03540424402613
7822.627378818089 5919.324159548519
9905.172478427585 829.6960037661971
5189.242757953248 6121.086686336869
5067.17876436099 4863.404618906745
4370.393599710508 6802.667373265037
6356.618323561705 7385.2206657310935
4318.570146868933 7288.019529164094
9466.045382095239 9750.200015874183
36.167539299700735 4202.202292614306
6792.2520366872395 4913.661443091762
8327.348298848216 4359.013635999173
3507.601839170763 4261.274587319694
1191.8753878759092 7570.943354255586
7856.839339534541 5505.484156316268
9651.656423412467 9614.211267937248
1534.591513976693 2414.1780248603673
7908.5079708811745 2148.3050888307207
8300.315539856982 7791.244332081553
8265.442982636367 4009.2008487643493
5305.874571931666 9645.623370323287
3162.7773910064693 7726.5979629030035
8864.309118008177 7761.887928696394
1328.2399653444866 3761.341443296136
1021.2929644887248 3182.9947311012875
7998.42287571152 4172.4716226435285
9376.301730899504 4198.518324696703
3681.9313942061226 6405.830714001831
1322.4965184854786 2440.2434051732725
6638.888064117953 7339.632201739157
8892.942325965125 7258.174084975366
1458.0419696992296 2145.749820324907
4066.5002278953743 9327.661076050981
8488.757755287821 2055.1779120909828
6371.245872297932 7521.311706340223
2737.297371372035 2710.4131021305957
908.9889266478513 4366.745385965512
6408.68581241739 8907.058403331826
6991.08264440352 4884.627800272182
9166.1158001196 7453.334920968666
5189.404604246789 4274.780455144595
5568.191958670607 7085.699168135784
1339.9400604880007 760.3938918078023
2998.8273972463 7657.6011059852035
6758.377283021224 4635.896475598568
262.86800727944757 2065.1899205279324
5885.586954008476 9903.454665017667
7283.9302804613135 6164.597718513048
6054.909326787785 6420.366785581246
7332.793915186945 1979.3924261878858
880.2873872876926 8025.38524054957
3253.509355682529 5040.5148126373415
7578.663452963721 9519.193014125165
8510.32136786218 2987.4026761540863
3674.8699348528703 3168.3903146651705
3500.770025649199 780.8112307363913
7163.0819802512715 6958.517118074617
8052.372392084599 4521.800421393564
3296.2833260524394 5261.854574913549
661.07575232766 5813.807077166585
522.6130516163486 1955.0872544134568
2067.4070483512805 7165.9551223842445
2066.5937484685514 4520.8652474958435
176.27429020910412 5720.297824471752
324.83673281959113 2321.2694474454634
8345.59296251811 6426.58075987616
7946.647445553675 7594.6888190591035
1717.854168503613 7503.709226018062
3334.16559030536 4691.172753166062
9873.18331529076 452.89648353836196
2211.39060597238 6289.55418261648
3655.3306873023407 4981.633553079916
4246.828694233928 9557.715091940174
4510.208676669048 926.4979623776304
3062.0763082301037 611.7018424879639
3598.5394748534404 5800.058008802296
334.5952434634736 3522.3627423844696
7568.751017000822 6636.682266548319
8095.0654700233135 5043.87943989251
7346.647570876234 897.8183825557385
224.48848932562936 1629.5363928216732
3219.98143147885 5113.611709293538
1686.7387008863077 7771.486679235439
2092.265588315272 6825.203565080332
6683.5881310106115 717.5511682446822
3379.0857310544397 6917.7135448091585
9900.782286392418 5780.569392586294
3689.694994189605 5345.673881033095
3167.2370429322928 2838.120303335716
2462.0087091780906 2471.234847048381
4331.572291234853 3927.399300254987
1524.8777974465377 2724.783086764714
6388.784634475566 6954.137441270462
3048.4998902860493 4416.26636331048
7960.485643992328 8344.40719170993
9251.48033660537 4989.71646687129
1994.705085921955 4401.579314652495
3350.1614493083785 7651.908392110806
5978.377747664673 109.53536825323185
9106.309159451184 3360.5871494071216
4343.566748973251 3796.851377816679
8118.131054297872 4023.5646394808678
5342.462774267693 847.0620184425514
6153.117409682774 3340.6423168667097
9598.96664694294 3202.8723606138733
9730.891843378482 9447.597781280214
8571.862726126608 7675.243548032493
8242.300885446417 4801.063135717392
3916.8123363413542 4902.203655063318
8039.638102017002 9401.178495222846
2585.217192421719 5235.040147967343
8128.951405379019 6136.792897230034
1910.8079982509885 3908.9983921342077
5407.584857308688 9629.980541388923
1262.1625496055876 1124.3683790595426
4181.012015863294 8702.981373841892
6545.992012740365 8039.098346798283
7268.258233946233 7631.781617434647
8135.889548419047 601.0845550514576
9309.369790971534 9583.10904827766
9157.87654929733 320.0664105646789
230.54831352542936 6591.66962969326
1217.0922707411812 902.6808007223897
6532.090083629879 6672.1176197017185
8127.6544270224995 994.0523428501247
5772.416060595077 701.938042952912
2514.0407658760764 7322.634373129985
536.6135114324011 9691.612785370373
129.4439645794898 5275.005136406264
76.85555363139085 283.52647109199825
5705.66107212925 7890.979271650641
1431.361117658726 4647.846110590672
6366.264947081684 9741.942013870635
5321.886043132475 3956.2638141952134
1415.8761394316143 3258.0777432879495
3458.4748652860685 7237.897026889701
5057.697890769626 3139.6947173235712
4556.754105768977 2163.0373220645383
364.6657256060659 9711.722761727944
1052.346889549305 8633.213297178845
5677.344543997656 5793.412202922154
2504.699913104378 4748.665055765477
2072.3875106991873 1590.3416051406828
6114.037694435747 5906.910321247757
7433.459605378684 4756.735049146532
8520.175600205539 2689.769917248456
5011.952335215036 2633.905504019368
5752.260502870734 5824.691647665917
4092.120717471054 9571.133913162314
6703.506952830004 3721.3519787872906
9786.09500766738 1160.3758806805497
2677.054769247117 654.9011057212317
3840.721698651487 9313.70949563076
9309.618232773524 1387.4665424586408
8708.834010477463 4581.531249227419
4257.841052768714 2236.0847108858784
158.1736762814634 2904.3187670061743
6863.819044966368 2619.1286307931905
4686.83846163894 6337.496334319935
937.1416017393541 3473.305563389043
5618.312733305486 4170.80450472981
9760.01041724264 3806.4387265072273
141.471577200335 8617.794281845183
8907.50829635248 6657.406907506576
224.56843408100391 9646.449598126306
2393.2826426955976 2413.9249606122526
5233.8694609200475 2420.3347565809863
8916.31492142106 2144.393275792935
7952.785790884087 8188.473352360145
9444.95328353677 1919.470053645459
227.7068202800414 759.283595153144
9181.296755844676 7976.448330974891
9037.721348503854 6055.010915934409
228.23937273266702 6610.23545119802
211.5094982938637 3343.356272710686
2615.9533743490892 116.06095283834716
6266.50181013081 1363.5588756273987
7589.493108129937 2522.5725642220564
8671.207687017353 9779.538443621097
1216.6617705231042 7313.832630479092
8296.26893542022 1222.0402388219309
1784.2792234893245 2605.8086297052428
5992.846904567259 1338.619540000785
78.24287373741856 8108.512357189612
4918.907301423528 6064.953132575211
5170.941747516443 7523.163434596562
1230.2843539453656 3389.5261249786813
3031.785807231616 3232.988265293395
6499.862674187795 8341.825718417856
6856.389968541014 5045.940900838478
8731.88092597985 2897.6995385711634
5751.8449984673025 5685.963539168984
3.964986380504687 6584.571695548683
784.7012697871869 461.9272978122235
9097.352656712601 773.1805061912833
2920.4017384265935 9749.865349223855
7052.943645488892 6527.339545127569
8553.842380610524 2440.9166354160616
6054.648664880051 8738.525953644727
2397.7734391412473 5902.136483738194
1300.6386738909005 6809.437398488352
9184.511040879981 8755.743077563846
8942.539483245066 121.70145961157286
8622.051088441509 2827.1890557430447
7621.786834884623 4501.218574153889
3879.2010509175266 8026.804033557243
5513.383577264619 5300.629086254038
2323.8638460228112 599.7168881889913
6731.377995206206 2315.7279802735297
7492.249696873165 9106.013054102725
5354.93946151048 5085.54025373106
6822.412830428651 1106.8450759637105
6720.137942685087 546.5338201534797
1693.0213580977681 3540.1119663778213
810.917364282886 3677.5721104912395
8629.236385291902 5948.950511433673
6996.434405293792 2977.952112958904
3367.98696118804 8861.562831635021
3081.572535574516 2806.2946133312084
4239.7116504132755 9252.752470476657
1295.3432981612689 1452.8832183615636
8079.370328620606 6481.925124910772
9206.878617834613 7833.216745610631
1036.718681336175 4993.126044709785
4679.779499085767 4153.055627435184
548.6664578129808 8882.306267434671
2163.428463037598 4204.041427575058
2173.9455028472644 5036.790764363821
2727.705827023726 1846.7228839123961
2904.745115282675 474.3427444360249
1162.4229752991034 9844.478256702156
8849.364099014727 1598.963375059801
5030.622188090018 3485.523738545514
4684.815950984491 5011.550746504492
3715.6919627017924 9545.117570241957
9597.249358092531 8544.710287594684
1618.279868683179 8183.353680188601
5093.512575854823 1137.8137529150433
8198.494415477406 1713.1343782597874
2511.1866057031707 7487.704920738304
7987.677091867688 4379.415106921011
2994.667594237227 2669.482796824193
6051.930670044871 813.0465341625782
8168.426489098457 39.6500915987541
6875.9492522119135 4921.110860909924
9415.414890249986 5108.457407410359
9677.890855067279 5087.226059378341
3245.651327260766 1994.7562245468398
2245.0561677259752 921.4084853305837
231.4886021813256 7157.766078117523
469.41510378462726 2492.319394419222
2746.354133520648 9399.196350231523
2480.7635045661523 8338.738093663802
2091.43927540582 5925.008458226603
6984.880757855007 4035.3568567929656
7022.640886142549 3588.3551405323933
8630.58623912604 2201.765663510652
3006.4034561198337 6720.6267276695435
6338.353653772592 4135.563816023815
8876.815945313765 3250.1362521671563
6155.392756781544 4924.3524464767615
9310.286777705356 7726.1343096225355
7424.89217168751 8308.516273086712
2057.505928963196 5204.85277285586
3105.27157505891 5112.153680470141
2672.8462017959955 1015.5330974022692
7185.489554713011 4693.821214582909
1708.9624005366911 8533.528788041707
2676.9279185203964 8602.50395422545
7568.195983058992 2057.0560329647715
4455.663845262736 4759.765680298611
8604.881339476024 7125.667247207633
623.3486032020785 4070.6266920791636
3957.4471491157547 3086.4933486491996
5044.604890682739 6971.720704742515
5875.161996982117 9952.577127488174
4301.001028327275 4595.697185810996
557.22634076799 2007.1414364257878
5726.4181894790945 1701.1505690150386
9856.083173346486 9901.849903200271
4871.903550453955 6534.770734876053
661.8863609771031 5603.1284251976385
2449.2840482362044 8333.637171312854
5000.869502602916 6203.378516293938
9197.408210678464 5658.63680670275
626.7569934461459 5776.035303173131
8594.21188537839 3906.084932872692
6317.570592996439 11.211101208493668
6249.088310961009 2806.6031954120417
3535.321528808769 4633.631128978272
564.7825798951555 9620.16244736788
4083.35913576253 8973.6881249673
1062.4500531357694 5093.87928164582
2792.2768790530627 9807.637278389222
2024.1462258217923 6226.499933639581
1416.8934267116717 3979.057533725322
8442.035868522533 4953.223308875693
5461.666316998402 4135.9010778423335
12.43399347158558 4019.6985943097397
8032.149482839144 8502.950106375873
1646.3132058883111 9519.61530219501
4339.72366124521 3499.3396645629705
3736.164295377129 8238.640488113333
9175.412801770037 428.5930569039931
6862.360570991222 5819.712426331439
8097.012682185273 9572.339930515476
5857.641070079596 3013.9102200711363
7436.653862291815 9668.66138888267
583.125598275901 1697.5667466622024
8359.640692530918 8787.055805633905
4266.458755827446 5226.274122306999
6295.051954651032 8286.803683504533
645.9380857160024 6689.631389782342
2852.0904748939392 8093.126869528577
448.9410327153509 7130.942893501891
2962.763990943683 9059.339566757226
6466.147799641232 1855.8743437456214
7824.93880064963 148.64253027566775
9765.238684720043 1716.2201024984613
9307.639448308186 3141.8649085501684
1653.6662232643585 1635.0535056825433
8647.619448179947 9898.069856531783
9430.985125614265 7502.582157795074
7985.756022564436 2006.9982166437417
2269.3433046489563 1851.4134773412484
3046.2627600811397 2482.080125097896
5520.863049019663 5930.797302131145
4537.053731980609 3628.840838127193
8823.433796780953 7423.3797822471
1801.2901165402195 1197.716451541727
369.36982289137 2763.547288129663
9542.976836866208 256.627294328412
3441.8031654919955 9204.424588755599
9377.406313372223 8731.020583153795
9392.507027245843 9477.23998321911
9220.458521128125 6678.197959354434
5263.113126959992 3427.573991953148
7434.031262810625 7600.8220706729935
2305.3581217098185 3978.4637287943424
5431.03785618451 2118.9770731247613
2199.5163978622545 1715.7374071311203
7968.578313265239 4935.978653894958
4075.1872397052357 3201.4553809710633
4291.4184906212395 6718.099460344217
5326.066056776418 5778.435378448556
7140.920369138187 8516.362386798564
4914.563144897746 8089.94563948296
5845.7275846194425 1716.3698041629882
9606.906811250701 1682.3233840192763
3274.7625333159235 6377.844257890536
2820.086669008295 6440.356598108678
1461.009427652905 7487.867579228326
9372.119768414002 2357.900356589958
7158.520014888368 3693.716030408547
1506.8337634405636 100.64203903175084
1496.7853086166838 6978.500756657674
4072.2381111737695 2557.146836496412
9928.091851423123 9115.990067208619
4948.560659422612 105.6443589744227
1519.986281663398 6136.67572688523
5178.001462304489 3311.039269125328
5748.85323371482 3818.3957131315274
48.03151236449366 9920.790054368783
1691.1964144921988 2941.160516117132
664.9496709424452 3369.158941906366
2329.8873895297866 3121.03600602181
1912.8400335039719 9404.51344689089
113.76362931199368 1784.6767447957889
972.2199062120063 3403.463306165558
4652.3985993391725 9847.201194010766
7195.591369905857 7303.499939219131
8742.64674204821 3651.515149343197
9860.476266439056 1549.1176648165172
8800.216741811224 2277.3297469195873
5952.186305151325 3931.546060200869
7803.314913068766 2279.6702147305714
5885.934895841863 8026.930967824164
2263.210271845997 1367.8731650798914
8256.131604425767 4127.159345244694
4842.29766834191 8310.201644985633
5244.14366089193 37.29293417595869
7259.5769553850605 9588.977404660558
5952.311993975269 700.833092031542
9653.282660075834 7899.714309891501
6837.296730501779 9420.237078496371
4310.687386089912 2682.1162636664585
2401.6840459566756 8169.320000234291
4702.974238170128 4763.92644084509
4680.966872899065 2700.498583995553
6368.096648397786 4081.2283951765703
4096.370266555775 7880.649136184913
5556.492628565087 9943.489580780872
3262.653785078157 388.6306391711369
5598.930489863853 7763.5529022679875
8824.814465687325 4054.9622931323493
597.0289666405604 6803.619574929235
5769.90211398672 1623.6630245433437
5855.083118006694 3797.4407549314606
9529.509930104507 737.8974594768528
9021.992202465603 2744.11563644774
779.3091650226891 6348.471530152874
6056.825061639595 9932.797849667895
3466.3679199278363 4547.547730205707
6056.061865525021 9118.540866074522
7083.639164996658 4638.0388847425165
4291.009313480666 5225.34855852375
3538.003723434344 3474.5092889126795
643.5552049515713 339.37502363367787
6191.090208852643 7829.94949195023
5716.892715650047 220.44230007020383
4003.1444147766947 2040.2876811520787
8361.821288857802 1722.767404389225
3909.9714607215674 2953.092871579308
9905.748350081656 3798.37527858526
5760.316959022229 5549.612986196759
5817.129962570967 5772.982889547567
9725.647723013533 299.1514954093488
5582.518639014006 3736.2098982745083
5305.231918968666 5092.186872408665
3285.0254045266856 5089.781242686372
3681.2806187578817 4117.862725759891
583.0411165047622 2487.53042449523
2062.373548810821 3814.505782065115
4626.755214837176 4195.341004420479
5232.144487969264 7313.694272806673
7457.502782335322 7060.151006811431
17.7635950639754 3169.8717464946535
4593.555711613295 1011.2852472541045
2545.8782014650837 2122.1564617053536
2163.0985393139545 7564.516859682888
820.2645222485583 9904.518060848413
6040.181503198456 1842.2098677310717
7448.072466393649 7040.167993961101
190.2457841216565 5511.786859268564
8005.849234552408 2126.3960050189967
4993.871829977556 4125.038096817587
1764.13722785139 4245.503380544105
9783.078755830422 3906.753623804171
3189.7804036610423 8490.784130663103
7013.7970845718755 7769.066524282152
5597.6239324363305 6228.081143858955
7128.37831641221 2125.868875069341
4820.0960999625895 5135.823595093088
945.167577908288 2256.358330233973
4684.5685148648345 5414.233755857403
2773.8062062071554 6025.485929910007
9560.104217768476 9600.917218485962
8891.87271161998 3396.4654539523176
5539.443610197624 7236.20018896041
189.95598604705677 1104.3619938223092
5074.112109023336 6642.001325981284
663.8598821888619 1778.856750934157
9928.44373775558 1517.9128116552777
5536.445316859712 9832.802118891475
5710.092899359156 9084.989856884666
1205.645317125842 9787.242350286715
2981.752212267734 4252.6429666754
6867.693130831475 373.58661575205065
6978.110925845902 6864.576863230318
2896.6538346050143 3300.753336249157
6391.532031933046 6281.822429197025
1320.3351694160904 8565.920945620195
2387.10719376813 4394.520439322549
515.4160916472961 4771.505276470467
714.1022520777196 3541.814928114325
8205.699892030525 8235.478533872696
8158.032703752874 6201.325415322955
6890.044051706534 760.6295194452028
6138.923100306427 3645.8038294684193
5379.561696342991 2649.7976482068107
84.24699070043395 3702.912754702329
5811.334347494886 7132.725782250398
6689.081976380973 7188.649429599803
9771.569157410633 2604.4399477344327
8242.401915506129 4559.632601669581
4555.107659104602 5087.324311792405
8913.65086668195 6718.048321106575
5132.168833545281 369.4746958851547
5233.018878516178 6882.001227844128
8296.462355638037 9156.57724123565
1934.5086438246651 9917.438298833586
2704.2504806703705 3584.4516891617127
6663.186907916351 7889.970821025424
7657.8915867181695 5126.2865719668425
7612.9835113724375 5189.696873270352
9126.970060179066 1047.1683794574283
6215.234102904857 4734.509422552953
5057.204982177901 2002.678137288656
8894.10307950414 7903.690765105209
933.6767593785112 3744.854715761291
2758.71036100411 571.0226430279253
8679.152785119295 2771.1927165657166
3920.2116070329453 9244.385067927165
7038.797143392808 6940.377801094931
1694.1176788878408 1015.2085570055835
2193.151329686611 9440.59381868924
1254.306307093862 5278.1089026491745
7535.126405052764 2788.0834915305063
7497.569220867362 2125.903746882427
5683.977172508377 810.4021004477113
6431.5433027708405 3450.8506761224476
4886.562502956048 4868.226491384911
5830.811545985046 16.55885589157635
6697.947112749512 1067.7730386486317
9996.64096201367 7991.66856776496
8521.154401906038 8703.49964889301
8936.166827772338 3646.24451015646
268.5797388870637 7931.567280048941
3003.2570103820267 5548.607591267878
3075.771988720163 8797.807409424517
295.3989068111418 8886.161423204136
4726.967091393336 1266.7169996085993
854.0593792761575 1711.7494341208417
2554.001465843142 3286.5106430194833
497.97169508135397 6435.024078761231
2566.5981134602866 9912.00167809141
1221.1631970010505 7736.151635135946
8435.833871273746 1061.1484343271427
9957.343356199728 6394.844922539936
5919.814388195777 8782.912523907784
7576.856249954563 2095.833874753074
1385.6319976255993 5147.577197363558
6047.854537011739 1296.207893174186
8174.812369392829 5605.146314918016
1808.89339136854 762.1339176103459
9710.077945695917 3086.203822528515
2455.022265899147 2991.465382243379
257.12598440555735 5649.7076953550495
6529.834682934784 6083.778609211889
9648.339042080972 9715.434417875515
5206.593688774877 3379.774449523926
6780.305106667293 7721.945887731189
4319.452861551421 7961.080523809264
6704.563718896327 9421.669822011916
2818.8614497828335 1445.1609908184316
4866.366993051651 6154.602440866968
4489.892964583039 2518.2913778217353
3858.187668209142 4353.8046521622055
7542.293856728681 9208.240894875404
307.1021004667873 504.0222243691406
7011.123560844194 4092.9657025960764
1665.4078702180818 3316.379030694171
1939.7188349541573 3511.277121560842
4243.518784402965 8571.649120538745
9917.457737993296 4329.044993353091
3702.4882805773073 3909.5347217698272
2677.719773552674 1097.9028444862938
5011.883610365385 9170.047655471226
2740.370780805066 8198.594888068155
298.64331243276143 8792.059923985276
9890.554423611939 4846.501014077663
8987.068165652576 2593.0483647192736
9717.069747397982 143.44625949007096
1834.3385426052917 1282.165877023075
5335.926750715408 780.6055424039205
1281.1896166155657 4974.350036200827
6057.452301966005 947.5909731734077
9676.857217158986 4869.123264072611
7289.314846852783 3610.881905191168
9187.9860073551 3810.563393715766
2604.029679599417 6208.589425581221
3267.6342385113944 3474.103679172048
5262.273622100426 376.90811211636753
3283.3860859410624 1246.4084673204202
8706.767282545927 585.6154262151691
1636.6102697297435 1644.3976687967543
7711.028622378942 6245.781300741252
7613.902519949482 3849.107493925533
844.1555656377031 5487.336490371288
6973.943500636871 337.2091328761295
5393.0046204372475 8948.826761616989
4173.329231733463 9099.16433994771
7930.28057320321 9895.142128003217
4845.415901390885 6250.37944939261
6995.458610643776 2019.8048101492504
3550.3551149587597 3632.4008531862773
4205.07520535268 758.162602024236
5170.475416590194 9051.53658221434
3164.505726190855 7396.315915241497
4821.6828608834685 319.0158684707667
8013.155229560564 2294.580568725043
8069.987109689471 6711.679491853488
3359.1849078578816 1524.3903217094612
487.1098158908971 2849.856352065101
6484.465875457753 716.0139500729534
3978.0140487306858 6112.989339017397
8839.75658074492 3323.3684979317245
1081.3454665899635 9495.606999950991
1796.152652920694 8808.29279216447
2357.5841758341207 9766.196626022529
8663.870867662052 6651.195351002054
2848.2900952581026 7957.176810455484
712.2229565651861 5641.5181568048065
3397.6774398000553 749.8621820217987
4737.322170741646 4741.383281717857
6360.730816047836 1759.6323254205538
7583.219353600394 2130.934015024102
5553.56117591347 9464.414143761343
5632.099386911052 551.1516461785992
6331.486975487056 7454.591126005284
6005.469473193832 8915.663412090373
2733.596185955778 1816.5591836010065
4457.125491353185 3187.153110469884
9539.241604821134 5455.01579718353
4808.670126401326 4245.203027141079
191.85026562069885 2250.17072913656
5008.603710858129 1135.7830786934665
8143.605361521393 4674.566906328984
8522.290066612257 8908.779143260854
5227.539898976162 1118.2771020564953
4386.127258767228 7784.301986714516
3920.750171697982 6563.241836902698
7300.011450657311 1046.504915359382
6970.785226606212 5974.6231446934635
117.22700299631961 107.2161715793285
61.81319939823293 5178.685077473666
9832.180816690368 365.9733537999299
4046.912799092827 2857.009863713479
6248.058514920885 7804.576487167615
7440.290092780473 3005.452890518071
2950.6723014333193 3631.1055339370955
4611.635706015493 4376.37645343644
3584.764563615693 4558.901895890992
2595.2762481403724 6634.920710712777
956.4049743837655 9289.102250602404
9296.528842723075 2907.597219529593
5258.627027671894 1428.1941522288466
1809.0759797585554 329.0859813795233
6742.242969517487 8736.716928527476
2441.213779155389 1165.7891478784643
8526.796919910628 3069.9267112151483
9931.918157133685 4404.527122657811
4988.391253536918 3930.9568360110293
4594.909968358625 1919.0962930609023
3041.404163757244 1159.11837289984
677.799794065902 5008.148581752735
1182.3446173997743 2048.3313741949773
4470.35835282754 7000.969590408546
8995.225604905327 6021.902967622777
8280.747771188233 1852.6666124781211
5252.4254593711 4280.080420360305
6962.958205029522 4034.5673648006587
345.92447768561516 8645.627803585565
3390.935927651895 6955.359969057021
1961.0487840035328 5823.112159524857
1988.0468208020498 1689.5349919992286
7145.0003224078655 5206.539817187514
8941.079360428012 9599.012350045969
3663.8515233297876 8754.869122257898
9108.618580021122 1054.6839272693876
9999.617469815417 3906.270456009694
2040.3622549540323 5340.043391841518
4486.824662707908 3322.775607313737
3950.6097043585355 7480.062092685287
8163.727488474141 394.7307312895276
9387.959206830546 7184.049742404441
3778.8008123018444 2052.99121255498
7330.020372631928 8917.818954619112
5555.565178664242 6225.812008450753
5666.386058031958 8102.322612919613
7232.293007841329 8932.07062823658
307.81584505328976 1383.1922267992713
4255.161122177572 9523.984926538398
5659.473086725293 2272.03675999355
7763.453982372571 7348.275318739678
6609.685155777203 2372.283823588329
4025.726215859826 1462.7893777211964
2685.936208596187 8861.996970544782
6163.650571750206 538.9028559020603
6953.114007325559 7123.283413356617
4971.493148825153 6510.32392475603
