20
18.849709473066632 3790.193348536358
762.1794137835935 809.7174041325594
7583.687928852711 2178.4329235381915
3199.755502247571 7205.358823959559
1356.4483434660247 7826.26451222531
1260.5896852972498 544.4109069714609
654.6852481914844 7042.038119830016
4933.760328678631 3638.546951591092
1799.8915856678 3340.2300365041706
9444.550645427458 4730.171829161568
9839.909530586523 6778.2590415869845
3206.083473260843 6313.613125137136
1040.9598922824525 7252.520730251203
1402.2278260051592 2354.182127417621
9038.76135276803 7394.527707434174
1464.681070117545 5748.895769842599
6579.5831717684 2474.951757292303
6889.908425442227 3495.492974126703
8780.563320988296 310.89685663231114
4240.219882110982 5663.808321759356
