0.00 3071.77 7734.63 4667.07 4251.95 3475.20 3313.42 4917.25 1837.00 9472.45 10265.56 4065.23 3610.04 1993.96 9713.39 2434.53 6691.27 6877.38 9427.25 4618.48 
3071.77 0.00 6957.47 6844.41 7041.67 564.62 6233.25 5040.27 2735.02 9526.46 10864.10 6022.09 6448.83 1671.84 10576.46 4988.89 6051.05 6690.47 8033.88 5971.51 
7734.63 6957.47 0.00 6670.00 8406.93 6530.82 8465.56 3025.57 5899.33 3158.19 5123.37 6021.89 8279.71 6183.96 5415.25 7084.52 1046.97 1488.62 2218.15 4829.76 
4667.07 6844.41 6670.00 0.00 1945.07 6937.48 2550.31 3965.97 4110.82 6717.44 6653.88 891.77 2159.31 5173.49 5842.07 2265.34 5813.78 5232.62 8870.12 1859.82 
4251.95 7041.67 8406.93 1945.07 0.00 7282.48 1052.37 5507.64 4507.90 8660.44 8547.95 2389.41 654.76 5472.27 7694.43 2080.19 7477.81 7026.72 10564.01 3604.49 
3475.20 564.62 6530.82 6937.48 7282.48 0.00 6525.82 4802.69 2847.36 9192.27 10604.98 6088.40 6711.70 1815.31 10364.56 5208.48 5658.51 6355.95 7523.60 5923.38 
3313.42 6233.25 8465.56 2550.31 1052.37 6525.82 0.00 5467.56 3874.90 9088.81 9189.01 2653.34 439.90 4747.08 8391.48 1525.88 7480.82 7173.28 10551.69 3841.30 
4917.25 5040.27 3025.57 3965.97 5507.64 4802.69 5467.56 0.00 3148.04 4641.00 5824.78 3184.47 5311.75 3757.83 5564.03 4060.55 2015.61 1961.37 5086.37 2140.72 
1837.00 2735.02 5899.33 4110.82 4507.90 2847.36 3874.90 3148.04 0.00 7769.99 8744.25 3289.13 3985.22 1063.22 8296.90 2431.88 4857.38 5092.38 7609.64 3369.60 
9472.45 9526.46 3158.19 6717.44 8660.44 9192.27 9088.81 4641.00 7769.99 0.00 2085.90 6436.28 8773.97 8385.96 2695.08 8044.63 3646.10 2837.36 4468.88 5287.41 
10265.56 10864.10 5123.37 6653.88 8547.95 10604.98 9189.01 5824.78 8744.25 2085.90 0.00 6650.08 8811.72 9527.17 1010.75 8438.25 5398.91 4413.51 6553.55 5709.51 
4065.23 6022.09 6021.89 891.77 2389.41 6088.40 2653.34 3184.47 3289.13 6436.28 6650.08 0.00 2359.94 4350.98 5931.99 1830.68 5110.36 4638.14 8191.91 1221.35 
3610.04 6448.83 8279.71 2159.31 654.76 6711.70 439.90 5311.75 3985.22 8773.97 8811.72 2359.94 0.00 4911.64 7999.06 1562.19 7314.47 6951.65 10396.52 3572.01 
1993.96 1671.84 6183.96 5173.49 5472.27 1815.31 4747.08 3757.83 1063.22 8385.96 9527.17 4350.98 4911.64 0.00 9149.96 3395.29 5178.76 5605.11 7656.03 4359.80 
9713.39 10576.46 5415.25 5842.07 7694.43 10364.56 8391.48 5564.03 8296.90 2695.08 1010.75 5931.99 7999.06 9149.96 0.00 7750.79 5499.98 4451.97 7088.33 5101.12 
2434.53 4988.89 7084.52 2265.34 2080.19 5208.48 1525.88 4060.55 2431.88 8044.63 8438.25 1830.68 1562.19 3395.29 7750.79 0.00 6072.97 5874.60 9115.59 2776.84 
6691.27 6051.05 1046.97 5813.78 7477.81 5658.51 7480.82 2015.61 4857.38 3646.10 5398.91 5110.36 7314.47 5178.76 5499.98 6072.97 0.00 1066.68 3086.66 3954.92 
6877.38 6690.47 1488.62 5232.62 7026.72 6355.95 7173.28 1961.37 5092.38 2837.36 4413.51 4638.14 6951.65 5605.11 4451.97 5874.60 1066.68 0.00 3703.54 3423.81 
9427.25 8033.88 2218.15 8870.12 10564.01 7523.60 10551.69 5086.37 7609.64 4468.88 6553.55 8191.91 10396.52 7656.03 7088.33 9115.59 3086.66 3703.54 0.00 7019.14 
4618.48 5971.51 4829.76 1859.82 3604.49 5923.38 3841.30 2140.72 3369.60 5287.41 5709.51 1221.35 3572.01 4359.80 5101.12 2776.84 3954.92 3423.81 7019.14 0.00 
