120
3746.592400090306 3078.7683986797156
8005.536724437128 4578.8848537766235
9493.751870185844 4264.217097403806
8363.763199693887 9529.467361330411
4050.9685212454915 16.76395573126377
7551.319648518492 8099.456522911894
7942.835705814259 7576.786519433522
3395.503604675787 1526.6246567622488
2396.0319819927145 4776.354525935122
3108.186665165752 4134.688798557652
4803.162194288283 2804.707576451031
4491.643638556977 3973.355049323366
9556.622013349655 4192.633375607996
9694.126221097498 1788.2799477393273
2066.627857452469 5370.413783222074
7529.94495959442 9332.42046969458
8006.2762956225 9770.930462774899
5119.175368194668 4831.011399220616
1314.0041544120352 6390.242955976308
3781.4231099568697 551.903692636585
4395.735454382588 1421.1241399461605
3528.2493441405127 70.19956244440296
6619.022553583772 4948.405561958815
1603.3724814593575 9804.203941346252
5645.90428885009 7414.064068847607
6636.802730521634 4640.864951609559
1985.3380263633824 1347.996068703885
7831.1461509519095 4363.56912680547
8063.0686389542925 3249.52615796697
5978.711396181149 1291.3408915875357
7482.499561016574 5678.857493322102
5598.199425695677 7055.354881610241
9645.939423804724 6120.935744579782
1706.9187028001309 1142.917868198856
8739.52272851092 5985.657445362878
8766.03931145923 2456.8847210510394
3968.770100398804 5136.714025773406
188.6187309086118 8438.305075858518
6199.830656683861 9583.184869514933
1618.4613785633728 3140.959569534982
2543.2672450717364 3170.257408535632
9715.72272313134 2517.6345304358606
8242.350550144623 9435.38552155026
2679.081044517453 7153.568569004112
9704.277661970982 8461.604642453383
5545.231478508708 2539.3805243121346
4628.968286026028 7309.620017932735
2388.2177241294635 2105.8948414579427
1766.0636330249113 3523.8910585258486
2175.790646339785 8986.615831284607
9421.688273879938 821.8614007608671
9832.318525118473 9247.32937969273
7395.358298010583 5520.035535115163
347.2723824664714 6019.386309793269
6275.511204021773 5369.147673133992
8982.400595688438 3998.0513617440215
2602.6614841549044 2302.5030013193505
5304.013831811857 868.2787315747287
5656.435661842737 6275.225138735949
1494.801598066583 272.23585243484337
9529.21874542831 6845.666689006535
4408.6961623235775 7287.275156322476
6544.453842734741 7629.168558828044
7522.012425636948 2597.6438524906453
4960.038398648902 2930.105251016629
3790.0607223392667 5796.55407159931
9788.036943157751 2395.1123927611306
3058.110948333023 1253.8400822932294
960.4402764354525 7356.837132062558
1120.083642867249 6191.24299143297
991.5757886849985 8522.605165506471
7939.2612473720155 5285.718230421954
244.08927984529538 9677.632777118546
9379.589635026116 4948.533023057039
4632.625120297189 8561.226430392788
2635.5028733604404 4764.859256179969
1194.6236664316866 72.62955201457699
6641.248461494271 6170.176253418379
380.44516627962935 3910.061094403854
44.38512007445827 3235.7610045142637
9572.651729487454 7418.1476916824895
9890.935176262605 5946.416727881433
6955.649827912186 2476.2707717981534
9938.449212385221 6444.493575309378
1215.055717432736 6405.808982651006
3413.3411820806546 5418.3143165299725
9425.912790267561 5741.529086058054
2707.7975414390944 4863.16423957109
532.1148957428223 5692.378496424868
5944.776709063139 2183.3503704818268
361.84977090447654 1609.1114387349148
6008.379179641058 3769.7230770327574
6673.02107187676 5320.368120796608
7022.140848476167 1616.2826854227808
3288.3770057746274 4139.143172789135
1712.1127554330617 6534.399191173476
370.28732176548004 2382.3647963930807
1019.3891185506366 451.4930216997459
7921.619869901348 1198.1416110080102
1787.7583967468458 8455.21117545731
3688.5441487695234 2825.3915573307086
2442.618404420702 1260.363726345186
6695.061084252134 7720.4192070926665
672.3677418199359 1403.004581059497
7049.646096632177 365.2515185853
8427.734939774426 2878.8269415818568
8595.112811083593 3228.1936249158007
7353.62954278951 7401.706547594078
8969.982416969571 7975.21300519584
9717.930552401534 7602.820723508371
5112.034319936068 7456.240906096927
4899.347645585774 7531.230894675212
1842.2266136277676 7913.969353333527
2501.5516118151436 323.03839126378796
1026.131472427886 3749.6883253115475
980.6499501049282 6567.311766079503
7463.729053455662 3071.398907883731
6775.564876356498 9857.055044040502
2187.5292131836623 8489.760319792173
2503.647468110852 2642.6451982312205
